13 0.037372 0.451002 0.045808 0.488090 0.102449 0.468833 0.115304 0.502354 0.136595 0.490230 0.182390 0.461700 0.219348 0.437450 0.250681 0.418193 0.270365 0.406782 0.288442 0.388951 0.299288 0.374686 0.300895 0.364701 0.290451 0.354716 0.254698 0.349010 0.226177 0.346157 0.226980 0.358282 0.206895 0.363274 0.183193 0.373260 0.179980 0.381105 0.115304 0.417480
14 0.493825 0.308335 0.534620 0.330946 0.497573 0.332530 0.439548 0.334908 0.363668 0.342833 0.340282 0.355883 0.343852 0.361431 0.362153 0.365393 0.409912 0.360638 0.454100 0.358261 0.501859 0.358261 0.571043 0.357468 0.613446 0.389960 0.643352 0.412942 0.672541 0.441100 0.743957 0.467252 0.769222 0.474755 0.767883 0.452566 0.734407 0.417697 0.699145 0.389960 0.653618 0.361431 0.715660 0.369356 0.779041 0.376488 0.782612 0.363016 0.745401 0.348049 0.685994 0.339994 0.628176 0.335279 0.608090 0.336071 0.574168 0.316259 0.548148 0.303889
14 0.269968 0.411119 0.319668 0.430692 0.382073 0.453250 0.462189 0.482974 0.566405 0.524216 0.638267 0.555915 0.705219 0.586029 0.708713 0.558227 0.739802 0.480082 0.746439 0.477601 0.765212 0.486017 0.767507 0.476847 0.706103 0.452903 0.648428 0.433034 0.587462 0.412917 0.524457 0.395274 0.472460 0.382456 0.419692 0.372235 0.371610 0.363681 0.345786 0.361059 0.306589 0.361691 0.305841 0.370979 0.302291 0.378609 0.292202 0.389888
16 0.369656 0.343295 0.417058 0.323325 0.452811 0.310486 0.474102 0.309773 0.495392 0.308347 0.534678 0.330351 0.484177 0.333204 0.423486 0.337589
16 0.551897 0.305476 0.558324 0.303194 0.584034 0.308900 0.622277 0.315747 0.670620 0.326920 0.726860 0.344751 0.657565 0.337619 0.607350 0.335836
16 0.653848 0.360362 0.704732 0.367495 0.747581 0.372250 0.780611 0.376212 0.769460 0.455645 0.735257 0.421003 0.701283 0.393289
16 0.572061 0.358719 0.626052 0.398660 0.675864 0.440883 0.618981 0.422624 0.564670 0.406648 0.498126 0.388543 0.434745 0.374278 0.401269 0.367146 0.371363 0.363976 0.423586 0.358429 0.493216 0.356844
17 0.410850 0.465070 0.360074 0.497593 0.287312 0.546207 0.166798 0.626802 0.038114 0.716955 0.000201 0.743574 0.000804 0.767459 0.055044 0.728696 0.172020 0.645346 0.296462 0.559231 0.373410 0.505666 0.424605 0.470170
18 0.274765 0.569202 0.332462 0.611654 0.438193 0.688113 0.537115 0.758612 0.626826 0.821629 0.613971 0.856578 0.554919 0.815210 0.454089 0.739608 0.370978 0.674043 0.256948 0.581852
19 0.422805 0.466863 0.515734 0.502089 0.579044 0.527195 0.654482 0.562255 0.703536 0.583436 0.694883 0.654759 0.668927 0.731568 0.636172 0.827032 0.539325 0.761009 0.437557 0.687783 0.348939 0.623755 0.274381 0.569549 0.355608 0.512804
