13 0.095711 0.501123 0.075639 0.518952 0.142911 0.727468 0.151911 0.800655 0.136857 0.991429 0.380725 0.986080 0.355668 0.703220 0.321524 0.561532 0.228182 0.511820
13 0.786723 0.357782 0.710277 0.341038 0.690040 0.358602 0.694569 0.385069 0.698409 0.398092 0.750071 0.439022 0.794412 0.457349 0.848857 0.489254 0.853082 0.440891
13 0.223656 0.376367 0.232832 0.385536 0.245161 0.391139 0.260358 0.395215 0.278422 0.394705 0.299354 0.395215 0.296773 0.359047
13 0.119097 0.485061 0.154079 0.451949 0.213720 0.393876 0.277662 0.401008 0.255583 0.436157 0.216300 0.505946
14 0.749060 0.441273 0.695267 0.395611 0.687302 0.346914 0.638513 0.364469 0.476706 0.406163 0.285873 0.459925 0.225350 0.500521 0.289579 0.531242 0.355660 0.591587 0.359983 0.610239
14 0.211040 0.376367 0.240860 0.313200 0.256917 0.283654 0.291899 0.279579 0.295340 0.359047
14 0.562611 0.246800 0.625033 0.264629 0.697491 0.286737 0.646510 0.296722 0.522468 0.250009
16 0.316857 0.272103 0.323910 0.313984 0.362802 0.342315 0.625934 0.310548 0.641246 0.295304 0.518318 0.249918
17 0.617608 0.491522 0.604620 0.505732 0.784201 0.707257 0.999968 0.949736 0.996958 0.896248
17 0.442386 0.333662 0.449018 0.328701 0.515690 0.400018 0.501727 0.400638
18 0.762049 0.643405 0.779503 0.665731 0.918781 0.562166 0.896790 0.547902
19 0.622277 0.491522 0.747723 0.446949 0.890230 0.555708 0.761773 0.644854 0.748727 0.628808
