13 0.061513 0.538861 0.123333 0.538861 0.173110 0.541714 0.209239 0.550272 0.250988 0.567388 0.293539 0.601620 0.332879 0.642984 0.348133 0.724286 0.364190 0.815572 0.394699 0.998571 0.084796 0.998571 0.128150 0.819851 0.160265 0.778487 0.093628 0.724286 0.044653 0.557403
13 0.999200 0.536008 0.914950 0.494644 0.854736 0.470396 0.827439 0.447575 0.800142 0.414769 0.781676 0.381963 0.763210 0.366273 0.732702 0.367700 0.699785 0.359142 0.679713 0.373405 0.674896 0.400506 0.686939 0.423327 0.716644 0.446149 0.740730 0.463265 0.757590 0.461838 0.844299 0.517466 0.942247 0.578799 0.999200 0.615884
14 0.088008 0.520477 0.146616 0.467702 0.200408 0.419207 0.263030 0.432044 0.242156 0.457718 0.226902 0.474834 0.171505 0.534740 0.124136 0.533314 0.104065 0.530461
14 0.344922 0.638705 0.495056 0.571667 0.601836 0.521745 0.731899 0.470396 0.670882 0.417622 0.656430 0.396227 0.656430 0.384816 0.556876 0.407637 0.497465 0.423327 0.406742 0.449001 0.345725 0.470396 0.262228 0.498923 0.187562 0.536008 0.228508 0.545993 0.285510 0.574520 0.318428 0.605899
16 0.612273 0.320789 0.485422 0.272293 0.474182 0.269440 0.444476 0.276572 0.299159 0.296541 0.301568 0.373564 0.314413 0.479113 0.670882 0.380695 0.687742 0.365005 0.670079 0.346463
17 0.586582 0.528877 0.598625 0.517466 0.999200 0.918269 0.999200 0.963912
17 0.426549 0.362227 0.430564 0.355809 0.500814 0.422847 0.487968 0.424986
18 0.749127 0.666166 0.824060 0.604358 0.870626 0.567273 0.890430 0.579634 0.843864 0.624326 0.769466 0.689938
18 0.432299 0.357914 0.520155 0.342835 0.613286 0.331832 0.610304 0.336722 0.522908 0.346503 0.437575 0.362397
19 0.673659 0.490250 0.731464 0.468379 0.874373 0.562518 0.822990 0.608161 0.748592 0.667117 0.600866 0.520679 0.633516 0.510219
