13 0.453375 0.992544 0.347340 0.464962 0.324045 0.437869 0.254158 0.392241 0.187485 0.387963 0.106352 0.392241 0.150534 0.529127 0.193108 0.561923 0.173829 0.995396
13 0.998810 0.477795 0.759429 0.305261 0.735330 0.300983 0.707215 0.278169 0.685526 0.251077 0.680706 0.225411 0.684723 0.209726 0.716854 0.198319 0.761035 0.191189 0.841364 0.293854 0.998810 0.409351
14 0.361896 0.447040 0.489206 0.388276 0.592011 0.347216 0.724042 0.303195 0.666255 0.246971 0.663009 0.228624 0.622381 0.230368 0.542986 0.250264 0.406335 0.289929 0.280643 0.339344 0.284660 0.394004
15 0.342586 0.205533 0.414151 0.188002 0.533165 0.166239 0.597428 0.156107 0.630183 0.157073 0.623174 0.168681 0.555924 0.175745 0.341269 0.222617
16 0.313996 0.156264 0.396922 0.138414 0.489301 0.120403 0.537498 0.133161 0.596849 0.154538 0.526338 0.166421 0.415662 0.187017 0.343366 0.204445 0.343358 0.173228 0.319675 0.177899
17 0.430567 0.203536 0.440539 0.201077 0.504802 0.261309 0.490952 0.264505
17 0.997924 0.838681 0.794555 0.594708 0.654288 0.435666 0.579424 0.353028 0.595490 0.346492 0.669292 0.423134 0.797279 0.561524 0.999200 0.795645
18 0.617486 0.175412 0.622809 0.170258 0.566288 0.175069 0.551122 0.177873 0.501520 0.188576 0.441586 0.201432 0.445130 0.204787 0.494863 0.193044 0.553122 0.183199 0.576741 0.179020
18 0.718280 0.475032 0.735093 0.493602 0.848714 0.425141 0.868381 0.410882 0.852176 0.398344 0.791652 0.433008
19 0.595717 0.346901 0.652455 0.327310 0.724855 0.303524 0.781335 0.345732 0.852315 0.398098 0.783896 0.436941 0.718105 0.474142 0.659338 0.411265
