13 0.094462 0.537328 0.182806 0.541606 0.267937 0.561571 0.324959 0.608631 0.363509 0.765498 0.398044 0.992241 0.138634 0.993667 0.186018 0.772628 0.126587 0.715585
13 0.783544 0.389017 0.724113 0.401852 0.698413 0.406130 0.704035 0.448912 0.764269 0.501676 0.795591 0.505954 0.878313 0.565849 0.996372 0.631448 0.999200 0.570127 0.835747 0.470303
14 0.299259 0.508807 0.293637 0.555867 0.349856 0.607205 0.378769 0.644282 0.624525 0.557293 0.757844 0.505954 0.720097 0.467451 0.694397 0.436078 0.685563 0.423243
14 0.133815 0.517363 0.232600 0.431799 0.290425 0.446060 0.261512 0.491694 0.221356 0.541606
15 0.372344 0.399000 0.477553 0.381887 0.640588 0.364774 0.632556 0.349088 0.554653 0.357644 0.373147 0.376183
16 0.343431 0.323419 0.353872 0.377609 0.385194 0.374757 0.608463 0.349088 0.501647 0.310584
17 0.614085 0.562997 0.769088 0.738402 0.999585 0.998571 0.996372 0.948033 0.787560 0.728420 0.627738 0.553014
17 0.451050 0.390444 0.512088 0.460321 0.524938 0.453190 0.462294 0.384739
18 0.769088 0.707029 0.793182 0.728420 0.872691 0.672804 0.921682 0.621465 0.905619 0.608631
19 0.626935 0.551588 0.768285 0.707029 0.846991 0.655691 0.905619 0.607205 0.758647 0.507381
