13 0.018127 0.373849 0.092391 0.343539 0.165652 0.332842 0.207802 0.315012 0.240920 0.313229 0.268016 0.323927 0.291098 0.348888 0.322209 0.462996 0.354323 0.632374 0.411527 0.873070 0.452673 0.990743 0.003073 0.987177 0.000804 0.723303 0.120491 0.484391 0.032177 0.448732
13 0.663656 0.225065 0.631542 0.229344 0.608259 0.237902 0.598625 0.249313 0.599427 0.263577 0.618696 0.282119 0.645190 0.293530 0.754379 0.353436 0.887653 0.430459 0.992024 0.500350 0.997644 0.274987 0.905316 0.237902 0.854736 0.249313 0.728687 0.237902
14 0.298356 0.320630 0.409903 0.290422 0.483766 0.271404 0.570474 0.260944 0.632562 0.308489 0.507852 0.338918 0.332294 0.395971
14 0.449141 0.188592 0.512085 0.215978 0.571175 0.247928 0.591086 0.242222 0.603932 0.235376 0.632835 0.227388 0.586911 0.207420 0.548695 0.192015 0.516581 0.184598
14 0.163231 0.226901 0.236023 0.209785 0.304534 0.190767 0.360734 0.183635 0.397665 0.190767 0.361537 0.202178 0.276434 0.219294 0.208726 0.233557 0.148244 0.249723
14 0.030202 0.273561 0.000496 0.314925 0.002102 0.367700 0.071950 0.344878 0.139390 0.253592
16 0.145229 0.251760 0.081803 0.330922 0.194203 0.311666 0.232339 0.306674 0.257629 0.306674 0.279306 0.311666 0.295765 0.322364 0.350359 0.306674 0.434895 0.284386 0.501417 0.267575 0.549015 0.264009 0.569660 0.258406 0.571954 0.247199 0.494536 0.209502 0.448085 0.192183 0.384922 0.197516 0.273956 0.219421 0.189656 0.238779
17 0.499070 0.342025 0.624316 0.456133 0.755984 0.577372 0.878019 0.695759 0.996039 0.808440 0.996842 0.775634 0.797733 0.588783 0.690150 0.493218 0.562496 0.381963 0.509507 0.334894
18 0.553581 0.371159 0.629451 0.346198 0.675213 0.331221 0.689665 0.339066 0.563215 0.383283
19 0.511559 0.336851 0.551472 0.371899 0.676915 0.332428 0.633451 0.306861
