13 0.566413 0.268542 0.553521 0.262163 0.533231 0.264039 0.517802 0.274922 0.493285 0.277174 0.484197 0.277924 0.491383 0.289183 0.500683 0.295563 0.538515 0.311700 0.555846 0.316579 0.578249 0.325585 0.589451 0.323709 0.578249 0.291810
13 0.996876 0.478019 0.894476 0.415628 0.757942 0.310455 0.708750 0.281933 0.692687 0.299759 0.705738 0.326498 0.789064 0.388889 0.885440 0.499410 0.993864 0.558236
14 0.047164 0.470888 0.056199 0.597453 0.354364 0.424541 0.543116 0.327832 0.471452 0.289437 0.347274 0.338801 0.281787 0.366226
14 0.664050 0.293081 0.581623 0.276944 0.593247 0.311845 0.658766 0.319726 0.693428 0.326857
14 0.525557 0.259011 0.460663 0.284110 0.327021 0.232201 0.269516 0.207673 0.329270 0.200827 0.369427 0.211666 0.453917 0.232772
15 0.002991 0.426323 0.004999 0.495845 0.187713 0.399585 0.354364 0.335411 0.468817 0.288052 0.416438 0.272551 0.260001 0.322153 0.139689 0.371993
16 0.002991 0.269455 0.000983 0.424541 0.416474 0.268586 0.268340 0.206789 0.250939 0.205997 0.193380 0.222635
17 0.998884 0.773930 0.580891 0.474509 0.440219 0.375115 0.420862 0.379991 0.620411 0.521502 0.998884 0.804234
18 0.561907 0.458951 0.648549 0.385919 0.662178 0.391969 0.578457 0.471916
19 0.440950 0.373819 0.561420 0.458087 0.647089 0.382462 0.542681 0.327147
