13 0.774120 0.492658 0.858116 0.434623 0.878507 0.435720 0.937177 0.401828 0.990936 0.382070 0.999587 0.371915 0.999200 0.345570 0.975488 0.331301 0.955714 0.333496 0.887126 0.310445 0.794438 0.285199 0.753038 0.364231 0.746859 0.369719 0.685685 0.506928 0.668456 0.539858 0.670310 0.553030 0.682668 0.554128 0.692482 0.551932 0.715963 0.536565 0.743151 0.516807
13 0.318773 0.355581 0.230857 0.421380 0.211668 0.438821 0.202742 0.441199 0.231750 0.407903 0.263881 0.373022 0.276377 0.365094 0.306724 0.320700 0.311633 0.303259 0.311633 0.292953 0.328591 0.284233 0.350458 0.282647 0.390623 0.282647 0.438821 0.276305 0.456225 0.273134 0.447300 0.284233 0.360276 0.337348 0.338855 0.341311
14 0.999200 0.565681 0.895707 0.456490 0.992862 0.394445 0.999200 0.397738 0.999200 0.525067
14 0.728394 0.365905 0.644357 0.353831 0.519538 0.339561 0.478138 0.336268 0.407695 0.338463 0.358880 0.343952 0.461454 0.282482 0.530043 0.274799 0.619641 0.276994 0.720979 0.289068 0.767323 0.292361
14 0.196333 0.402964 0.223109 0.366497 0.240960 0.340336 0.298083 0.315761 0.283802 0.347471 0.270414 0.364912 0.260150 0.370461 0.253456 0.378389
16 0.766796 0.291653 0.688609 0.283091 0.595962 0.275481 0.509207 0.276432 0.469042 0.280237 0.476004 0.274529 0.473326 0.268821 0.464222 0.265016 0.575189 0.207921 0.604531 0.204132 0.617383 0.196522 0.792501 0.211743 0.809638 0.225061 0.828917 0.226964 0.836414 0.229818 0.825168 0.286896 0.782862 0.273578 0.770544 0.273578
17 0.482650 0.337872 0.470600 0.335494 0.311938 0.458057 0.177789 0.582204 0.187428 0.592192 0.380218 0.416675
18 0.952080 0.674044 0.879166 0.581840 0.824789 0.522566 0.837765 0.509394 0.897703 0.573059 0.961348 0.650993
18 0.400627 0.401324 0.491667 0.413215 0.559501 0.421936 0.603235 0.429863 0.678209 0.447304 0.669284 0.461574 0.594310 0.443340 0.507287 0.426692 0.443470 0.417972 0.385900 0.412423
19 0.961348 0.650993 0.897085 0.574156 0.837765 0.509394 0.898939 0.458901 0.999200 0.565375 0.997806 0.576352
19 0.402644 0.402432 0.483419 0.339804 0.556608 0.343768 0.644077 0.354867 0.720692 0.365524 0.676820 0.447849 0.594882 0.428589 0.516784 0.415905 0.448951 0.407977
