13 0.623647 0.996378 0.656997 0.916283 0.709491 0.828508 0.779896 0.753899 0.826214 0.710012 0.884885 0.660638 0.926263 0.633209 0.999200 0.603046 0.999200 0.998571
13 0.000804 0.678730 0.053252 0.625242 0.115473 0.575320 0.177010 0.529509 0.230122 0.497691 0.266560 0.468067 0.291263 0.440637 0.303615 0.418693 0.306085 0.387972 0.299909 0.345182 0.280146 0.326530 0.257913 0.321044 0.235063 0.308975 0.223946 0.312266 0.222094 0.363834 0.200478 0.382486 0.178863 0.407721 0.142426 0.462581 0.122045 0.459289 0.000804 0.468067
14 0.282606 0.326128 0.294958 0.333808 0.304222 0.351363 0.370303 0.317350 0.438855 0.292115 0.409828 0.284435 0.381419 0.278949 0.336336 0.299795
14 0.607812 0.305633 0.642495 0.317044 0.687134 0.329596 0.739801 0.345000 0.755859 0.348994 0.766456 0.335872 0.744297 0.326743 0.713789 0.315903 0.681996 0.309627 0.662085 0.306774 0.646349 0.303922
14 0.949473 0.443296 0.996842 0.460412 0.998447 0.584504 0.984799 0.588783
14 0.770436 0.741402 0.789704 0.717154 0.823424 0.687201 0.861159 0.650116 0.884442 0.630147 0.880427 0.573093 0.780070 0.555977 0.717447 0.533156 0.585779 0.488939 0.485422 0.451854 0.436447 0.433312 0.379445 0.414769 0.315216 0.390521 0.313610 0.407637 0.307990 0.429032 0.288722 0.453280 0.254199 0.478955 0.249382 0.491792 0.295145 0.516039 0.386670 0.571667 0.487027 0.620163 0.597822 0.670085
16 0.308611 0.346707 0.314391 0.363823 0.318507 0.386144 0.372854 0.409185 0.543370 0.474675 0.739267 0.541714 0.789104 0.556208 0.826159 0.564986 0.880506 0.571569 0.884829 0.628622 0.920487 0.614405 0.954454 0.605628 0.989818 0.584735 0.966968 0.496960 0.936242 0.429241 0.845921 0.390730 0.729172 0.340839 0.659805 0.320300 0.609386 0.307178 0.568010 0.300563 0.462403 0.301660 0.435230 0.293980
17 0.029166 0.998571 0.221852 0.780357 0.416359 0.585058 0.400747 0.572380 0.316447 0.646866 0.235716 0.722938 0.000063 0.976480 0.000804 0.998571
18 0.309263 0.691486 0.404000 0.764705 0.527104 0.849335 0.639288 0.915186 0.652875 0.878979 0.506508 0.793398 0.397196 0.725372 0.329262 0.672707
19 0.326174 0.672707 0.409547 0.731956 0.507743 0.799981 0.652257 0.878979 0.662138 0.874590 0.685607 0.839480 0.712780 0.796690 0.741189 0.763774 0.756011 0.741830 0.697958 0.706720 0.623848 0.682582 0.559620 0.652958 0.519477 0.633209 0.458954 0.605779 0.412018 0.587127 0.323703 0.667221
