13 0.014490 0.385152 0.000201 0.402984 0.000804 0.998571 0.533617 0.998571 0.371955 0.550991 0.321162 0.388668 0.291326 0.288299 0.272678 0.240916 0.260629 0.226141 0.245005 0.205762 0.237183 0.194499 0.230842 0.174978 0.221752 0.147948 0.218581 0.121294 0.214987 0.121294 0.220061 0.201257 0.223654 0.244804 0.228305 0.285724 0.229996 0.301116 0.229573 0.314631 0.223232 0.316884 0.206532 0.321764 0.227915 0.520345 0.220231 0.527168 0.162953 0.546395 0.139553 0.556940 0.134733 0.562642 0.125464 0.573616 0.107545 0.574713 0.104455 0.573616 0.080974 0.576908 0.072941 0.576908 0.058729 0.570324
13 0.865778 0.999759 0.714579 0.785792 0.587100 0.609021 0.525980 0.517845 0.427508 0.381646 0.400872 0.345606 0.385440 0.322330 0.366626 0.294925 0.355211 0.278407 0.329210 0.247248 0.318218 0.236361 0.302705 0.220816 0.286850 0.206926 0.266775 0.189227 0.253285 0.175499 0.240857 0.158542 0.234643 0.147237 0.228580 0.127588 0.226004 0.118706 0.233279 0.123820 0.241615 0.140777 0.254346 0.157196 0.273898 0.174692 0.291177 0.190572 0.318307 0.213451 0.345285 0.238214 0.374798 0.265888 0.409044 0.301552 0.448786 0.340595 0.475210 0.365372 0.517023 0.405749 0.659143 0.551698 0.748741 0.649363 0.946108 0.860669 0.999326 0.919515 0.999200 0.998571
13 0.527656 0.274857 0.544582 0.272309 0.557779 0.282499 0.573558 0.277404 0.566673 0.269762 0.581591 0.268743 0.590198 0.275876 0.594501 0.272309 0.613149 0.283518 0.640404 0.276385 0.677986 0.272819 0.745692 0.270781 0.795372 0.270671 0.856546 0.265184 0.878173 0.262989 0.880645 0.382601 0.873230 0.402354 0.846041 0.381504 0.804641 0.441859 0.719368 0.389185 0.645218 0.343096
14 0.400896 0.348205 0.383920 0.320481 0.373311 0.303524 0.363308 0.293295 0.337087 0.297871 0.315262 0.301639 0.296446 0.307076 0.314567 0.370442 0.356786 0.358499
14 0.398460 0.290375 0.436191 0.282161 0.471000 0.278270 0.506783 0.276109 0.524796 0.276541 0.594857 0.319813 0.572505 0.326636 0.507194 0.330978 0.455504 0.346484
15 0.865778 0.998571 0.535425 0.999759 0.452378 0.778635 0.402945 0.635978 0.366487 0.527340 0.331300 0.419345 0.317669 0.375251 0.315965 0.370063 0.337143 0.362714 0.360024 0.357095 0.401893 0.347152 0.441814 0.404214 0.606399 0.634309
15 0.219051 0.121919 0.220486 0.139751 0.225363 0.159621 0.233109 0.182548 0.237125 0.194267 0.254052 0.218722 0.269544 0.237064 0.282454 0.264067 0.292208 0.289541 0.296512 0.308902 0.316307 0.302788 0.338684 0.296674 0.355324 0.293617 0.365078 0.292598 0.334668 0.254896 0.302823 0.220251 0.280733 0.201399 0.264954 0.188662 0.248601 0.168792 0.237125 0.152489 0.230814 0.135166 0.226224 0.118862
17 0.362414 0.355895 0.356414 0.357958 0.374028 0.390786 0.472023 0.587048 0.690058 0.998571 0.705564 0.998571 0.455308 0.537754 0.370116 0.373324
17 0.332193 0.299235 0.328177 0.299784 0.320556 0.283689 0.311287 0.263571 0.299958 0.243453 0.291719 0.234308 0.287291 0.229638 0.290482 0.227488 0.299946 0.238823 0.306988 0.250548 0.319203 0.274780
17 0.590871 0.372510 0.584740 0.375513 0.644353 0.424317 0.691282 0.462609 0.719186 0.485509 0.826816 0.572462 0.829960 0.565019
18 0.441452 0.408278 0.395026 0.421075 0.400933 0.431775 0.447476 0.418348
18 0.291783 0.288991 0.293750 0.295832 0.324407 0.289864 0.322439 0.284624
18 0.740680 0.438302 0.754130 0.447591 0.737691 0.457212 0.713592 0.471478 0.698273 0.460861 0.712658 0.453231
19 0.400669 0.348608 0.384327 0.352052 0.362582 0.355987 0.395130 0.421658 0.418397 0.414033 0.441250 0.408622 0.421167 0.380337
19 0.328587 0.299326 0.323751 0.289427 0.306373 0.293358 0.293504 0.296269 0.296619 0.307769 0.313095 0.303111
19 0.644740 0.361249 0.624067 0.365445 0.606465 0.370060 0.591226 0.372158 0.604102 0.382857 0.635644 0.409501 0.660687 0.428801 0.681242 0.444955 0.699316 0.460479 0.718902 0.449997 0.733474 0.443693 0.742627 0.437058
