13 0.578553 0.988159 0.993630 0.989586 0.985602 0.553124 0.794522 0.608752 0.662050 0.769929
13 0.658036 0.347731 0.661247 0.444722 0.679713 0.466117 0.743139 0.463265 0.951079 0.440443 0.792916 0.389095
13 0.253396 0.332041 0.325653 0.296382 0.340105 0.263577 0.291130 0.243608 0.238142 0.239329 0.250988 0.259298 0.256608 0.289251 0.238945 0.309220
14 0.658839 0.396227 0.661247 0.346305 0.597822 0.330615 0.348133 0.296382 0.304779 0.316351 0.300765 0.323483 0.442067 0.349157
14 0.873202 0.571667 0.979982 0.533156 0.931810 0.488939 0.885244 0.451854 0.798536 0.481807
15 0.269453 0.334894 0.426813 0.361994 0.651613 0.409064 0.651613 0.391948 0.506296 0.361994 0.293539 0.323483
16 0.470167 0.306367 0.532790 0.317778 0.645190 0.339173 0.656430 0.263577 0.554467 0.242181
17 0.345725 0.390521 0.355359 0.403358 0.410756 0.363421 0.393093 0.360568
18 0.335287 0.414769 0.474182 0.447575 0.634753 0.487513 0.634753 0.476102 0.458927 0.430459 0.341710 0.406211
18 0.700587 0.491792 0.794522 0.605899 0.812184 0.591636 0.715039 0.481807
19 0.344922 0.406211 0.636359 0.477528 0.654022 0.487513 0.653219 0.410490 0.413165 0.359142
19 0.720659 0.486086 0.811382 0.590209 0.870793 0.573093 0.792916 0.481807
