13 0.312749 0.338817 0.176656 0.356083 0.000000 0.490586 0.000000 0.800866 0.192032 0.513768
13 0.672697 0.311424 0.810576 0.439543 0.893317 0.523711 0.999208 0.633243 0.999208 0.383593 0.833358 0.363902 0.760774 0.313972
14 0.489642 0.320129 0.497325 0.388977 0.567178 0.384015 0.695357 0.381534 0.640872 0.315167 0.584641 0.313927
14 0.455231 0.322878 0.441740 0.396499 0.347941 0.405059 0.386810 0.330868
15 0.346312 0.404628 0.436529 0.396947 0.384623 0.643854 0.318552 0.998571 0.060491 0.998571 0.212114 0.670691
17 0.650082 0.466847 0.643656 0.467418 0.672896 0.526193 0.722058 0.629477 0.894921 0.998571 0.908979 0.998571 0.724219 0.613142
17 0.392403 0.400900 0.347173 0.528015 0.191833 0.998571 0.176882 0.998571 0.317504 0.590297 0.386504 0.401362
18 0.756913 0.682257 0.773839 0.717412 0.840973 0.701617 0.908966 0.684295 0.887162 0.656273
18 0.498989 0.284326 0.549151 0.282107 0.550401 0.287179 0.499346 0.289398
18 0.423665 0.310904 0.396762 0.313282 0.393818 0.317562 0.422594 0.315184
18 0.360148 0.489342 0.355598 0.503134 0.415025 0.498378 0.417701 0.484111
19 0.650208 0.467409 0.764068 0.461207 0.893644 0.655345 0.757781 0.682016
19 0.500312 0.290082 0.505132 0.318614 0.567101 0.314946 0.550806 0.288044
19 0.394171 0.317634 0.387546 0.330118 0.417661 0.327265 0.422078 0.315851
19 0.391906 0.401009 0.436075 0.397680 0.417605 0.484237 0.361658 0.488992
