13 0.668648 0.255481 0.999200 0.704443 0.999200 0.353151 0.863592 0.335003 0.779770 0.262689
13 0.155613 0.275528 0.296189 0.261262 0.320287 0.235584 0.411572 0.108827 0.426299 0.108827 0.420699 0.159976 0.398452 0.211540 0.261647 0.506632 0.131514 0.836169 0.069660 0.998571 0.000000 0.998571 0.000000 0.563695 0.115448 0.566548 0.165078 0.474879 0.123842 0.310349
13 0.470503 0.161403 0.483356 0.161403 0.533160 0.458129 0.605713 0.998571 0.384807 0.998571 0.442388 0.415332 0.463322 0.238690
14 0.339852 0.348323 0.451242 0.342141 0.461667 0.249850 0.382694 0.252743
14 0.501014 0.247540 0.514521 0.343327 0.636621 0.340474 0.736229 0.348320 0.693253 0.288405 0.669154 0.256307 0.649875 0.253454 0.574366 0.249174
15 0.340047 0.347206 0.443237 0.345027 0.420699 0.526604 0.369746 0.998571 0.084577 0.998571 0.239958 0.585093
15 0.384698 0.251705 0.457798 0.249328 0.468240 0.165636 0.454852 0.106671 0.428611 0.108098 0.422453 0.168013 0.412546 0.190363
15 0.516558 0.344003 0.532316 0.460023 0.696589 0.455744 0.819091 0.455744 0.737464 0.348283 0.635219 0.339587
17 0.393675 0.345673 0.387891 0.345103 0.278516 0.732030 0.214108 0.998571 0.231178 0.998571 0.336353 0.553709
17 0.702707 0.463733 0.695889 0.464610 0.775408 0.640248 0.883852 0.882764 0.938075 0.998571 0.953136 0.998571
17 0.422536 0.251297 0.438036 0.200249 0.445882 0.170722 0.443080 0.104039 0.441025 0.105366 0.443080 0.170391 0.439157 0.184988 0.429816 0.213851 0.418952 0.251078
18 0.358900 0.469769 0.429590 0.467487 0.426698 0.488600 0.353438 0.489171
18 0.853673 0.784813 0.989285 0.745457 0.999200 0.765072 0.999200 0.791820 0.875362 0.836169
18 0.391153 0.236325 0.422883 0.235255 0.424691 0.230619 0.393162 0.231689
19 0.393167 0.344842 0.360634 0.469667 0.428914 0.466101 0.443775 0.343416
19 0.422340 0.235822 0.390896 0.237044 0.384470 0.252125 0.418667 0.251310
19 0.703347 0.461836 0.771737 0.609345 0.852067 0.781960 0.983807 0.744869 0.916330 0.627890 0.825558 0.463835 0.769290 0.461791
