13 0.674539 0.533536 0.730770 0.649088 0.778967 0.747521 0.892231 0.998571 0.999200 0.998571 0.999200 0.780332 0.799049 0.500725
13 0.000804 0.707578 0.000804 0.998571 0.181318 0.998571 0.382944 0.998571 0.636784 0.998571 0.615096 0.828836 0.594210 0.663354 0.566095 0.514991 0.542799 0.440809 0.530750 0.409425 0.450421 0.328111 0.452027 0.312418 0.418289 0.339523 0.299402 0.442236 0.264057 0.463634 0.235942 0.475047 0.207827 0.489313
13 0.618309 0.433677 0.714704 0.412278 0.669719 0.389453 0.629555 0.365201 0.554849 0.333817 0.498245 0.309802 0.494831 0.304096 0.502261 0.293040 0.510093 0.283054 0.501257 0.279844 0.482581 0.303026 0.479970 0.311229 0.483384 0.318718 0.498618 0.328111 0.532184 0.349746 0.556082 0.366508 0.579751 0.388026 0.595817 0.405145 0.608669 0.423691
14 0.554849 0.453648 0.566095 0.489313 0.576538 0.527830 0.583767 0.557788 0.634375 0.542096 0.729163 0.517844 0.805476 0.499299 0.720327 0.412278 0.692212 0.416558 0.657670 0.425117 0.621522 0.436530 0.590997 0.443663
15 0.658473 0.998571 0.726753 0.998571 0.813509 0.998571 0.880985 0.998571 0.784590 0.780332 0.722737 0.646235 0.669719 0.534963 0.652850 0.537816 0.623129 0.546375 0.583767 0.556361 0.601440 0.656221 0.631965 0.838822
15 0.486635 0.295955 0.472578 0.294936 0.456916 0.307163 0.452969 0.316930 0.453657 0.326712 0.535303 0.410122 0.554915 0.454406 0.617126 0.437011 0.568399 0.380021 0.520488 0.344866 0.479763 0.318130 0.478904 0.307555
17 0.623932 0.549229 0.659277 0.650515 0.690605 0.748948 0.764508 0.998571 0.774951 0.998571 0.737196 0.863073 0.688998 0.709004 0.631161 0.544949
17 0.466015 0.321709 0.484330 0.336545 0.506180 0.354235 0.531885 0.375919 0.552771 0.395891 0.571407 0.423851 0.583617 0.445535 0.588758 0.443823 0.558876 0.396461 0.538954 0.376489 0.498790 0.343393 0.469871 0.321138
18 0.677752 0.680473 0.684982 0.703298 0.740409 0.687606 0.732376 0.667634
18 0.534349 0.408309 0.535998 0.412235 0.557891 0.404223 0.555315 0.399895
19 0.631161 0.544949 0.649637 0.593452 0.664096 0.639102 0.675342 0.680473 0.732376 0.666207 0.708277 0.617704 0.687392 0.573480 0.668113 0.534963
19 0.537029 0.413153 0.542813 0.426277 0.550201 0.442851 0.554486 0.453355 0.583671 0.446180 0.572693 0.426208 0.567873 0.419075 0.557730 0.403650
