13 0.999200 0.665806 0.909330 0.664379 0.848313 0.671511 0.736716 0.744255 0.643585 0.852657 0.592202 0.933958 0.564102 0.993865 0.999200 0.998571
13 0.713742 0.376806 0.994742 0.516588 0.996347 0.549394 0.775562 0.519441 0.747462 0.516588 0.725785 0.505177 0.709728 0.488061 0.708122 0.472371
13 0.301555 0.208845 0.372318 0.233060 0.404993 0.245997 0.424037 0.259928 0.427585 0.265899 0.418996 0.271870 0.405366 0.275519 0.346739 0.294758 0.313504 0.303050 0.255064 0.319636 0.254691 0.303153 0.311337 0.269079 0.352372 0.233421 0.319365 0.223912 0.301970 0.215195
14 0.348398 0.299282 0.399781 0.278362 0.495589 0.309742 0.591931 0.337318 0.702190 0.383912 0.692702 0.431339 0.534040 0.362756 0.440655 0.328599
14 0.774656 0.401020 0.759533 0.325059 0.823075 0.352455 0.886384 0.453597 0.885149 0.461277 0.776337 0.407322
14 0.832657 0.553521 0.954692 0.544963 0.999652 0.607722 0.998046 0.650512 0.924986 0.660496
15 0.328734 0.305131 0.350251 0.297143 0.526593 0.360544 0.694813 0.434571 0.690638 0.449975 0.513383 0.371001
15 0.823658 0.350791 0.843847 0.362055 0.891321 0.423450 0.933209 0.484845 0.892717 0.461279 0.825152 0.353113 0.822351 0.349132
16 0.411740 0.280997 0.430812 0.275692 0.436611 0.269352 0.443983 0.270512 0.464054 0.271022 0.525989 0.257268 0.563838 0.253192 0.581042 0.252683 0.621472 0.269494 0.670216 0.286813 0.708926 0.300567 0.727315 0.307499 0.760128 0.323623 0.775704 0.406927 0.717542 0.377576 0.712655 0.386258 0.590132 0.336026
17 0.447567 0.349006 0.461921 0.354625 0.250258 0.461003 0.005142 0.613072 0.005142 0.582762 0.266973 0.436385
18 0.382583 0.391584 0.393412 0.386940 0.508868 0.434445 0.679604 0.515669 0.677551 0.527279 0.485649 0.437195
19 0.400047 0.386019 0.463521 0.352292 0.600761 0.408206 0.692197 0.448619 0.683566 0.516754
