13 0.999200 0.665806 0.909330 0.664379 0.848313 0.671511 0.736716 0.744255 0.643585 0.852657 0.592202 0.933958 0.564102 0.993865 0.999200 0.998571
13 0.714236 0.379110 0.995236 0.518892 0.996842 0.551698 0.776056 0.521745 0.747956 0.518892 0.726279 0.507481 0.710222 0.490365 0.708616 0.474675
13 0.301555 0.208845 0.372318 0.233060 0.404993 0.245997 0.424037 0.259928 0.427585 0.265899 0.418996 0.271870 0.405366 0.275519 0.346739 0.294758 0.313504 0.303050 0.255064 0.319636 0.254691 0.303153 0.311337 0.269079 0.352372 0.233421 0.319365 0.223912 0.301970 0.215195
14 0.353109 0.300285 0.404492 0.279365 0.500300 0.310745 0.596643 0.338321 0.706902 0.384915 0.698873 0.435312 0.538837 0.363995 0.443565 0.332616
14 0.771999 0.401186 0.756875 0.325225 0.820417 0.352621 0.883726 0.453763 0.882491 0.461444 0.773679 0.407489
14 0.830650 0.549955 0.952684 0.541397 0.997644 0.604156 0.996039 0.646946 0.922979 0.656931
15 0.331990 0.307385 0.353506 0.299397 0.529849 0.362798 0.698069 0.436825 0.693894 0.452229 0.516639 0.373255
15 0.822471 0.355938 0.843570 0.362904 0.891937 0.427460 0.933384 0.482212 0.885212 0.459034 0.823965 0.358260 0.821164 0.354279
16 0.408035 0.279900 0.427107 0.274595 0.432905 0.268255 0.440277 0.269415 0.460349 0.269925 0.522283 0.256171 0.560132 0.252095 0.577336 0.251586 0.617766 0.268396 0.666511 0.285716 0.705220 0.299470 0.723610 0.306401 0.756422 0.322525 0.771999 0.405830 0.713836 0.376478 0.708949 0.385160 0.586426 0.334928
17 0.446897 0.349755 0.462062 0.356094 0.246183 0.463862 0.001066 0.615931 0.001066 0.585622 0.262898 0.439244
18 0.381198 0.392082 0.392027 0.387438 0.507483 0.434943 0.678220 0.516168 0.676166 0.527778 0.484264 0.437694
19 0.400421 0.389343 0.463895 0.355617 0.601135 0.411531 0.692572 0.451944 0.677407 0.515337
