13 0.018962 0.991012 0.410756 0.988159 0.358570 0.781340 0.311202 0.641558 0.280693 0.561682 0.226099 0.490365 0.196393 0.466117 0.189168 0.461838 0.004510 0.508908
13 0.993630 0.685774 0.914950 0.621589 0.796930 0.537435 0.741533 0.491792 0.706207 0.450428 0.666065 0.399079 0.642782 0.361994 0.658036 0.356289 0.704602 0.343452 0.779267 0.323483 0.778464 0.366273 0.758393 0.373405 0.780873 0.401932 0.788902 0.416195 0.869187 0.536008 0.993630 0.628721
14 0.197196 0.444722 0.243762 0.501776 0.270256 0.524598 0.322442 0.507481 0.477393 0.461838 0.659642 0.420474 0.646796 0.394800 0.618696 0.349157 0.589793 0.363421 0.483013 0.379110 0.331273 0.413343
14 0.450899 0.253592 0.499873 0.302088 0.553665 0.343452 0.620302 0.332041 0.660445 0.327762 0.592202 0.279266 0.517536 0.239329
14 0.002905 0.460412 0.037428 0.466117 0.059908 0.430459 0.173110 0.306367 0.118516 0.306367 0.083993 0.320630 0.003708 0.389095
15 0.005313 0.501776 0.185956 0.461838 0.172308 0.441870 0.003708 0.476102
15 0.637162 0.353436 0.739124 0.334894 0.780873 0.322057 0.773647 0.314925 0.694967 0.329188 0.625922 0.337746
16 0.282299 0.401932 0.205225 0.326336 0.204422 0.293530 0.128953 0.356289 0.046259 0.456133 0.171505 0.430459
17 0.468562 0.470396 0.662050 0.717154 0.872399 0.993865 0.888456 0.989586 0.633950 0.664379 0.476590 0.463265
18 0.530382 0.534582 0.541622 0.553124 0.704602 0.503202 0.690953 0.486086
19 0.475787 0.463265 0.531185 0.531729 0.693362 0.481807 0.654022 0.423327
