13 0.645592 0.995648 0.663736 0.636663 0.668753 0.427705 0.664860 0.353793 0.677706 0.311003 0.713032 0.282476 0.741934 0.278197 0.750766 0.281050 0.723469 0.296740 0.710904 0.328218 0.715922 0.369225 0.797211 0.579609 0.914549 0.998571
13 0.000201 0.802293 0.162038 0.652527 0.289492 0.545551 0.389849 0.454622 0.468128 0.385088 0.546406 0.317336 0.523324 0.297724 0.548413 0.281678 0.612642 0.258500 0.589560 0.256717 0.487195 0.294158 0.423970 0.295941 0.278453 0.351212 0.077738 0.447490 0.000201 0.483149
13 0.476759 0.998571 0.645359 0.998571 0.666110 0.612819 0.668239 0.424740 0.665857 0.391310 0.666450 0.359004 0.673366 0.322415 0.679259 0.309525 0.691215 0.299301 0.699639 0.290750 0.714595 0.280742 0.721782 0.272806 0.714401 0.272806 0.699639 0.277292 0.669495 0.294716 0.657127 0.306207 0.644695 0.324496 0.631293 0.353483 0.628379 0.370737 0.621360 0.419466 0.606119 0.500454 0.563066 0.700720 0.508549 0.902248 0.495089 0.945833 0.488802 0.968159
13 0.020555 0.998574 0.215830 0.998571 0.301134 0.861183 0.403952 0.691903 0.465526 0.582166 0.512387 0.497678 0.534725 0.459374 0.560365 0.407611 0.517438 0.396568 0.474511 0.453162 0.433051 0.505312 0.352737 0.602764 0.277033 0.693625 0.195176 0.793537 0.062808 0.946072
13 0.546003 0.358898 0.582131 0.364765 0.597912 0.339960 0.611504 0.321549 0.623699 0.309897 0.636518 0.297128 0.647687 0.290050 0.663518 0.284360 0.678086 0.278149 0.684496 0.273318 0.677503 0.271247 0.657302 0.276078 0.642734 0.281600 0.630886 0.286431 0.618843 0.292642 0.605440 0.300579 0.586405 0.314728 0.568340 0.333707
13 0.757332 0.475484 0.777094 0.463415 0.803650 0.459027 0.834530 0.468901 0.868497 0.486456 0.916050 0.523761 0.970398 0.561065 0.999200 0.586300 0.999200 0.476582 0.922226 0.440374 0.880231 0.417333 0.854292 0.409653 0.817855 0.405264 0.786358 0.396487 0.754244 0.391001 0.727688 0.384418 0.717807 0.375640
14 0.504690 0.352010 0.592202 0.367700 0.627986 0.373874 0.617893 0.420474 0.542425 0.403358 0.466956 0.386242
15 0.217268 0.998571 0.346527 0.787045 0.417179 0.671511 0.494253 0.531729 0.539848 0.450559 0.550594 0.429493 0.615625 0.445622 0.598809 0.537534 0.564102 0.687201 0.517536 0.871199 0.478196 0.998571 0.246973 0.998571
15 0.627897 0.372353 0.581466 0.365857 0.605948 0.327838 0.631005 0.302301 0.647294 0.290110 0.660412 0.285144 0.685190 0.275790 0.713937 0.274409 0.685772 0.283727 0.664017 0.297875 0.648673 0.316165 0.631579 0.351708
15 0.000402 0.998620 0.020536 0.992928 0.127918 0.875255 0.268940 0.702276 0.348190 0.604618 0.433090 0.503774 0.488952 0.432217 0.515648 0.397489 0.468363 0.385976 0.376876 0.467070 0.233355 0.593619 0.158768 0.655389 0.000804 0.800357
15 0.506584 0.351995 0.545626 0.359242 0.568158 0.333016 0.587581 0.313691 0.613221 0.295747 0.639832 0.282634 0.660033 0.274697 0.677903 0.271591 0.662946 0.270211 0.645271 0.272281 0.617300 0.281598 0.594963 0.290226 0.574762 0.299888 0.553590 0.312311
18 0.553190 0.422501 0.576056 0.426571 0.616752 0.437391 0.615368 0.445261 0.594051 0.439359 0.573703 0.434440 0.549063 0.429276
18 0.524042 0.337477 0.520602 0.339311 0.555698 0.347665 0.556042 0.344813
19 0.560383 0.407346 0.620430 0.421312 0.616917 0.436764 0.553190 0.422204
19 0.521060 0.339719 0.506265 0.351537 0.545146 0.359891 0.554895 0.347665
