13 0.933135 0.253321 0.739899 0.227167 0.676974 0.217657 0.697949 0.238263 0.699734 0.254113 0.876458 0.451455
13 0.070520 0.994410 0.223145 0.593188 0.320672 0.377501 0.383596 0.244355 0.412310 0.184941 0.420692 0.160131 0.425931 0.112993 0.432567 0.097486 0.423486 0.092524 0.406023 0.115474 0.345951 0.200447 0.318360 0.236422 0.294438 0.257763 0.165911 0.275321 0.117096 0.278613 0.163440 0.470651 0.116478 0.556245 0.000804 0.557523 0.000804 0.998571
13 0.621779 0.998571 0.570569 0.648467 0.547474 0.477279 0.543458 0.466580 0.520363 0.332839 0.504320 0.256035 0.494191 0.203935 0.484412 0.144391 0.475680 0.099113 0.454241 0.099359 0.459979 0.122795 0.467725 0.152346 0.467151 0.189538 0.463135 0.225203 0.458545 0.256281 0.455102 0.284303 0.449651 0.319458 0.450512 0.341875 0.438026 0.484412 0.420956 0.630635 0.398865 0.866019 0.386816 0.999759
14 0.378517 0.252099 0.417624 0.250972 0.445528 0.249846 0.459691 0.249095 0.457789 0.283258 0.451870 0.341071 0.415933 0.342948 0.385281 0.345952 0.346174 0.348204 0.336450 0.347453 0.337718 0.339194
14 0.747229 0.355062 0.697285 0.295518 0.670392 0.256443 0.639658 0.254582 0.598445 0.249000 0.568758 0.249620 0.545009 0.247139 0.519862 0.247139 0.502749 0.248379 0.521609 0.345758 0.566314 0.340796 0.629878 0.338935 0.698333 0.345138
15 0.385812 0.997976 0.428477 0.554237 0.444989 0.391767 0.449452 0.338666 0.390544 0.345007 0.332528 0.347384 0.252645 0.527290 0.121729 0.853536 0.069515 0.999759
15 0.460354 0.247756 0.466926 0.184641 0.468387 0.153084 0.457920 0.116339 0.454025 0.099047 0.430900 0.096454 0.426762 0.112448 0.425058 0.128876 0.422867 0.153949 0.417998 0.168214 0.401689 0.207121 0.390492 0.230032 0.379294 0.251215
17 0.955145 0.998571 0.904939 0.896333 0.858750 0.796473 0.796494 0.659166 0.737688 0.533281 0.703325 0.457198 0.695079 0.459447 0.737252 0.553957 0.809548 0.714446 0.877828 0.873151 0.927029 0.981927 0.937071 0.997976
17 0.589773 0.248698 0.585087 0.249887 0.571029 0.226705 0.561323 0.209468 0.555466 0.199065 0.558645 0.197579
17 0.229170 0.999759 0.272347 0.821438 0.309499 0.668082 0.341325 0.537977 0.355295 0.485256 0.376600 0.414548 0.389173 0.364308 0.395110 0.343840 0.387078 0.344460 0.378695 0.382915 0.358438 0.445560 0.328053 0.552243 0.306050 0.633495 0.283366 0.720594 0.251680 0.844230 0.215112 0.999759
17 0.423428 0.250327 0.418427 0.249519 0.425399 0.226371 0.431310 0.205646 0.439494 0.181421 0.443435 0.165002 0.442461 0.144919 0.441153 0.123023 0.440593 0.110416 0.440593 0.102122 0.442887 0.096859 0.443524 0.105917 0.443269 0.117692 0.444289 0.134901 0.445182 0.152337 0.445437 0.170679
18 0.356482 0.467996 0.428080 0.467376 0.428080 0.490945 0.355085 0.491566
18 0.999200 0.778641 0.986272 0.744760 0.881844 0.776858 0.852725 0.787557 0.875820 0.837487 0.958157 0.808956 0.999200 0.796473
18 0.564335 0.212142 0.561658 0.205901 0.507435 0.203226 0.508272 0.210062
18 0.423277 0.236600 0.424338 0.230409 0.393116 0.230409 0.390539 0.236600
19 0.394801 0.343333 0.430828 0.341604 0.444216 0.342469 0.431315 0.451839 0.428150 0.468698 0.359992 0.471292 0.382630 0.387427
19 0.992297 0.744760 0.854733 0.783991 0.772396 0.614586 0.701104 0.461230 0.823606 0.455880 0.909959 0.611020
19 0.419033 0.250327 0.422519 0.236330 0.390691 0.235792 0.383870 0.251134
19 0.495450 0.212097 0.502814 0.248653 0.539631 0.246869 0.561387 0.248950 0.576784 0.250733 0.584984 0.249544 0.570257 0.222796 0.562893 0.212988 0.525072 0.210611 0.510512 0.210314
