13 0.874173 0.992526 0.862130 0.414856 0.989584 0.395244 0.996609 0.997875
13 0.818853 0.379793 0.807867 0.327994 0.866814 0.319736 0.937169 0.337378 0.996954 0.349576 0.972250 0.357256 0.877760 0.368228 0.819090 0.378103
13 0.275790 0.251311 0.297636 0.203213 0.435311 0.209972 0.416453 0.217270 0.390874 0.231865 0.331687 0.243143
14 0.773715 0.340156 0.641122 0.300392 0.514182 0.271985 0.351178 0.243458 0.427328 0.221847 0.537051 0.243458 0.603470 0.256857 0.710901 0.284974 0.778087 0.304117
15 0.769022 0.355706 0.772185 0.340578 0.640537 0.300382 0.489206 0.268027 0.350420 0.242801 0.331616 0.251434 0.480356 0.274706 0.566768 0.294600 0.667543 0.319833
15 0.719623 0.992526 0.794891 0.521832 0.817973 0.382764 0.973527 0.363151 0.993598 0.379198 0.858116 0.409508 0.856109 0.571754 0.866144 0.998571
16 0.588644 0.252409 0.712504 0.226249 0.784761 0.242097 0.777607 0.302559 0.703790 0.281311
17 0.417524 0.308535 0.491683 0.275880 0.506683 0.280759 0.426820 0.316418
18 0.459146 0.303280 0.529924 0.320922 0.662681 0.358300 0.748882 0.387578 0.750995 0.380070 0.633102 0.341784 0.533539 0.313273 0.465904 0.298145
19 0.469528 0.297571 0.507244 0.281649 0.599106 0.302878 0.728505 0.342386 0.766747 0.356274 0.751535 0.378420 0.636177 0.340885 0.566145 0.321753
