13 0.606653 0.993865 0.613076 0.898300 0.634753 0.826983 0.667670 0.791324 0.715842 0.764223 0.775253 0.757092 0.827439 0.758518 0.838679 0.846951 0.879624 0.858362 0.894076 0.885463 0.918964 0.889742 0.967939 0.995291
13 0.000804 0.662953 0.040639 0.641558 0.089613 0.617310 0.123333 0.603046 0.154645 0.585930 0.170702 0.571667 0.176322 0.553124 0.162673 0.547419 0.136179 0.547419 0.090416 0.528877 0.086402 0.555977 0.061513 0.567388 0.030202 0.577372 0.020568 0.588783 0.000496 0.601620
13 0.733320 0.455090 0.700403 0.457230 0.683142 0.460083 0.673909 0.466501 0.666683 0.480765 0.666282 0.524981 0.666282 0.555648 0.669493 0.569911 0.703615 0.575616 0.730912 0.577043 0.775470 0.582748 0.797147 0.585601 0.812000 0.583461 0.791126 0.552082 0.766639 0.514997 0.751786 0.499307
14 0.696006 0.577326 0.697076 0.616313 0.715274 0.762751 0.789672 0.757997 0.823779 0.755677 0.837160 0.749971 0.857499 0.739511 0.863922 0.726199 0.791665 0.590221 0.734930 0.582613
14 0.436802 0.473260 0.491889 0.477324 0.545413 0.481286 0.582387 0.490377 0.632389 0.497927 0.653353 0.501096 0.659151 0.472569 0.649338 0.467815 0.621685 0.467022 0.569541 0.458046 0.529398 0.453292 0.486044 0.449488
14 0.188403 0.564380 0.222524 0.545838 0.262667 0.529435 0.294781 0.515171 0.336530 0.499482 0.302810 0.487358 0.260259 0.504474 0.208474 0.527295 0.175557 0.542985 0.185994 0.552969
16 0.597599 0.851343 0.407143 0.755461 0.279591 0.687630 0.237842 0.661005 0.159906 0.597914 0.179404 0.581205 0.188809 0.564089 0.204637 0.554309 0.334929 0.500515 0.367370 0.492696 0.389850 0.486991 0.419823 0.472728 0.542055 0.480145 0.657323 0.502049 0.658539 0.545947 0.662770 0.575404 0.694598 0.585592 0.704200 0.671465 0.710891 0.738028 0.715351 0.762593
17 0.000804 0.849804 0.112116 0.766756 0.243043 0.668009 0.232544 0.661426 0.109028 0.745909 0.000804 0.819851
18 0.565421 0.865503 0.406085 0.783214 0.266511 0.700925 0.231927 0.676787 0.244278 0.664718 0.288126 0.686661 0.424612 0.767853 0.510456 0.806255 0.566656 0.835879
18 0.147940 0.531830 0.154489 0.535208 0.240268 0.501051 0.236042 0.498423
19 0.154278 0.536334 0.161250 0.539337 0.173504 0.543841 0.216394 0.523572 0.260762 0.504429 0.242170 0.501051 0.204985 0.514563
