13 0.650177 0.317338 0.759394 0.446888 0.830958 0.564681 0.999208 0.801524 0.999200 0.385118 0.822608 0.358386 0.761357 0.319144
13 0.461418 0.216148 0.476180 0.214466 0.484211 0.293487 0.495489 0.364017 0.505373 0.471573 0.512627 0.617252 0.546293 0.998571 0.332476 1.000000 0.380589 0.714122 0.412094 0.549496 0.442602 0.397396 0.454279 0.331082 0.469002 0.258951
13 0.000647 0.440910 0.028497 0.438614 0.173893 0.376706 0.195357 0.360142 0.307202 0.342464 0.321213 0.334460 0.411092 0.219487 0.428824 0.219606 0.423138 0.252778 0.401520 0.298078 0.362169 0.370129 0.295721 0.492622 0.199613 0.682866 0.051046 0.998571 0.000647 0.998571 0.000201 0.460808
14 0.491974 0.318569 0.498078 0.391048 0.616088 0.382153 0.701557 0.378587 0.647063 0.315401 0.586415 0.314003
14 0.455320 0.325885 0.441687 0.395564 0.348806 0.404549 0.387261 0.331284
15 0.347491 0.404824 0.436299 0.396896 0.383978 0.642420 0.320433 0.998571 0.060494 0.998929 0.213549 0.675711
15 0.430775 0.218597 0.457990 0.216219 0.466467 0.253473 0.458882 0.291520 0.451744 0.323226 0.389283 0.329567 0.424975 0.260607
17 0.650086 0.466438 0.643660 0.467008 0.672900 0.525783 0.722062 0.629067 0.894904 0.998571 0.909966 0.998571 0.724223 0.612732
17 0.393201 0.401040 0.328878 0.582001 0.191674 0.998571 0.175609 0.998571 0.310340 0.606149 0.388492 0.400569
18 0.758981 0.684960 0.773798 0.716402 0.842861 0.700708 0.907107 0.685014 0.887512 0.655394
18 0.498734 0.284789 0.548896 0.282570 0.550146 0.287642 0.499091 0.289861
18 0.423382 0.311922 0.396479 0.314300 0.393535 0.318581 0.422311 0.316203
18 0.360004 0.491917 0.355453 0.505709 0.414880 0.500953 0.417557 0.486685
19 0.651070 0.469491 0.765767 0.463152 0.885826 0.655765 0.758344 0.683021
19 0.500005 0.290604 0.502575 0.318569 0.567141 0.314574 0.551401 0.288892
19 0.395323 0.319162 0.388697 0.331646 0.417663 0.329246 0.421965 0.317016
19 0.392306 0.401959 0.435447 0.397977 0.417054 0.488158 0.360353 0.493346
