13 0.578553 0.988159 0.993630 0.989586 0.985602 0.553124 0.794522 0.608752 0.662050 0.769929
13 0.663656 0.344878 0.666867 0.441870 0.685333 0.463265 0.748759 0.460412 0.956699 0.437591 0.798536 0.386242
13 0.253396 0.332041 0.325653 0.296382 0.340105 0.263577 0.291130 0.243608 0.238142 0.239329 0.250988 0.259298 0.256608 0.289251 0.238945 0.309220
14 0.658839 0.396227 0.661247 0.346305 0.597822 0.330615 0.348133 0.296382 0.304779 0.316351 0.300765 0.323483 0.442067 0.349157
14 0.867786 0.569406 0.990419 0.531729 0.942247 0.487513 0.895682 0.450428 0.790684 0.476711
15 0.269453 0.334894 0.426813 0.361994 0.651613 0.409064 0.651613 0.391948 0.506296 0.361994 0.293539 0.323483
17 0.345725 0.390521 0.355359 0.403358 0.410756 0.363421 0.393093 0.360568
18 0.335287 0.414769 0.474182 0.447575 0.634753 0.487513 0.634753 0.476102 0.458927 0.430459 0.341710 0.406211
18 0.700587 0.491792 0.794522 0.605899 0.812184 0.591636 0.715039 0.481807
19 0.344922 0.406211 0.636359 0.477528 0.654022 0.487513 0.653219 0.410490 0.413165 0.359142
19 0.720659 0.486086 0.811382 0.590209 0.869392 0.577962 0.789078 0.478137
