13 0.296226 0.346850 0.175950 0.371189 0.000804 0.499699 0.000201 0.790165 0.192233 0.503067
13 0.658672 0.312838 0.796167 0.435626 0.891591 0.528124 0.999208 0.641935 0.999208 0.385118 0.799082 0.350807 0.742868 0.313236
14 0.474919 0.321715 0.482602 0.390563 0.595002 0.382153 0.680471 0.378587 0.625977 0.315401 0.569918 0.315512
14 0.440689 0.329453 0.427056 0.399132 0.334174 0.408117 0.372630 0.334851
15 0.332445 0.409025 0.421674 0.400306 0.373937 0.642063 0.310392 1.000000 0.050453 0.998571 0.203508 0.675354
15 0.483382 0.391597 0.490075 0.476410 0.624812 0.461350 0.745272 0.450253 0.680580 0.378122 0.601166 0.381293
17 0.637110 0.464652 0.630683 0.465223 0.659924 0.523998 0.709086 0.627282 0.888600 0.998571 0.903657 0.998571 0.711247 0.610947
17 0.378643 0.403618 0.334603 0.529800 0.186920 1.000000 0.170859 0.998571 0.304934 0.592082 0.373934 0.403148
18 0.741712 0.671046 0.758639 0.706201 0.825772 0.690407 0.891180 0.668488 0.870243 0.641481
18 0.483985 0.286579 0.534146 0.284360 0.535396 0.289432 0.484342 0.291651
18 0.409324 0.315490 0.382422 0.317868 0.379477 0.322148 0.408254 0.319770
18 0.346034 0.496260 0.341483 0.510052 0.400910 0.505296 0.403587 0.491028
19 0.636858 0.465100 0.750014 0.455602 0.869255 0.640737 0.741114 0.670513
19 0.484885 0.292335 0.489705 0.320867 0.551674 0.317198 0.535378 0.290297
19 0.380404 0.321710 0.373779 0.334195 0.402745 0.331794 0.407047 0.319564
19 0.378685 0.404441 0.421826 0.400459 0.403433 0.490640 0.346732 0.495828
