13 0.601262 0.326839 0.634191 0.336836 0.486415 0.452510 0.309727 0.595318 0.152313 0.742410 0.000804 0.889502 0.000804 0.776684 0.170785 0.642445 0.373174 0.489640 0.527374 0.379678
13 0.648098 0.295516 0.681134 0.306646 0.745786 0.259610 0.788412 0.231731 0.771442 0.222714 0.729963 0.243533
13 0.406387 0.294094 0.426900 0.306936 0.298194 0.362904 0.156529 0.433945 0.000201 0.515346 0.000201 0.475359 0.165906 0.396189 0.324383 0.328267
13 0.302498 0.998571 0.494446 0.686715 0.600459 0.531054 0.693622 0.399671 0.765101 0.303990 0.814525 0.238422 0.820350 0.240813 0.803771 0.336420 0.871430 0.355542 0.875910 0.328453 0.915286 0.339692 0.922514 0.311131 0.894404 0.288281 0.883964 0.275429 0.889586 0.262576 0.999208 0.316843 0.998811 0.503921 0.829759 0.432824 0.777784 0.449555 0.670331 0.998571
13 0.404462 0.291974 0.495974 0.262061 0.544162 0.246352 0.510556 0.234094 0.510556 0.190925 0.438141 0.181993 0.376311 0.198246 0.339774 0.196135 0.337681 0.179760 0.296241 0.176039 0.292893 0.184226 0.270221 0.190819 0.260243 0.188692 0.258526 0.170023 0.232212 0.169281 0.229010 0.181701 0.174762 0.188384 0.174433 0.174908 0.124929 0.180660 0.105716 0.195710 0.219195 0.221981 0.398853 0.274796
14 0.711405 0.368041 0.743567 0.327780 0.686111 0.307440 0.627114 0.287746 0.582132 0.270462 0.532512 0.258563 0.479190 0.282595 0.527351 0.295266 0.593886 0.319900 0.654466 0.345222
15 0.639900 0.339811 0.710937 0.367219 0.673743 0.414288 0.518540 0.636598 0.392449 0.830817 0.283223 0.998571 0.000804 0.998571 0.000522 0.902355 0.310530 0.603886 0.502477 0.443942
15 0.685118 0.306426 0.741718 0.327939 0.783761 0.272070 0.810208 0.239915 0.787604 0.235092 0.756059 0.256213
17 0.671733 0.351132 0.677764 0.354111 0.599656 0.431089 0.513721 0.513918 0.311333 0.748122 0.095575 0.998571 0.073088 0.999465 0.236926 0.816135 0.455896 0.558188 0.610900 0.405384
17 0.532512 0.298178 0.536929 0.298649 0.509786 0.313186 0.335193 0.405714 0.142247 0.514916 0.000201 0.601236 0.000201 0.591239 0.258830 0.439039 0.424777 0.352893
17 0.710314 0.316479 0.713249 0.317902 0.748739 0.285163 0.773822 0.260964 0.802641 0.237715 0.800507 0.236291 0.778092 0.252898 0.756478 0.273301
18 0.663735 0.367058 0.697534 0.382710 0.693178 0.389264 0.659249 0.371617
18 0.465122 0.336620 0.472302 0.332364 0.505809 0.345604 0.532401 0.355534 0.523360 0.361208 0.495969 0.350805
19 0.677923 0.355099 0.664361 0.367219 0.698204 0.382114 0.710602 0.367815
19 0.536711 0.299464 0.555078 0.306208 0.592229 0.319298 0.532148 0.354909 0.473588 0.331919
