13 0.267270 0.998571 0.415879 0.826316 0.523520 0.703298 0.644817 0.576667 0.725950 0.493592 0.767721 0.445089 0.808689 0.402625 0.852870 0.359828 0.890625 0.319551 0.918740 0.289593 0.925970 0.293873 0.911510 0.350936 0.905084 0.382320 0.901871 0.406572 0.941232 0.424024 0.974970 0.436863 0.999200 0.443663 0.999200 0.475047 0.999872 0.512138 0.999200 0.550655 0.954085 0.527830 0.893838 0.498205 0.868132 0.510711 0.819935 0.490739 0.790213 0.536389 0.749245 0.604865 0.687392 0.746095 0.630358 0.864500 0.561275 0.998571
13 0.000709 0.302616 0.000521 0.318882 0.061164 0.297301 0.136858 0.268139 0.214155 0.239689 0.289149 0.212928 0.314140 0.201832 0.320909 0.206455 0.355159 0.194984 0.402908 0.181209 0.376618 0.165772 0.378701 0.145430 0.345906 0.137512 0.304542 0.133326 0.287621 0.134647 0.330203 0.167670 0.299893 0.174274 0.334479 0.189464 0.238812 0.211889
14 0.546866 0.303046 0.587566 0.320165 0.632551 0.340137 0.667895 0.360109 0.706989 0.378178 0.744391 0.400834 0.784641 0.423829 0.796958 0.412416 0.805526 0.403857 0.810881 0.394346 0.817843 0.387689 0.824805 0.381032 0.786247 0.360109 0.755722 0.344892 0.708060 0.323018 0.687174 0.312556 0.654507 0.300193 0.636299 0.291633 0.613272 0.282123
15 0.000804 0.834542 0.126694 0.747521 0.270483 0.646235 0.387764 0.569200 0.515487 0.486460 0.618309 0.427970 0.708576 0.378589 0.744391 0.402336 0.721130 0.419411 0.762901 0.446516 0.746835 0.462208 0.729163 0.479327 0.705868 0.503578 0.648834 0.564921 0.561275 0.651941 0.461667 0.758934 0.354026 0.880192 0.242368 0.998571 0.072070 0.998571 0.000804 0.998571
15 0.916784 0.288796 0.905079 0.300616 0.889931 0.316920 0.867439 0.339745 0.848160 0.360125 0.833930 0.372760 0.823832 0.382134 0.796749 0.364608 0.819012 0.346266 0.793995 0.331593 0.832783 0.310806 0.856652 0.296948 0.872259 0.288796 0.882128 0.284720 0.887866 0.281867 0.894521 0.277791
17 0.000804 0.577760 0.211040 0.482180 0.415076 0.396586 0.596228 0.322279 0.589266 0.319426 0.408650 0.390880 0.206220 0.470767 0.001381 0.564921
17 0.000521 0.638915 0.000521 0.647220 0.008705 0.647220 0.105025 0.564945 0.229981 0.458613 0.340359 0.368000 0.423142 0.304201 0.483538 0.262593 0.479372 0.257045 0.384614 0.327317 0.274757 0.410533 0.151363 0.515940
17 0.512694 0.233930 0.515297 0.237628 0.543412 0.217287 0.567362 0.199719 0.574651 0.193246 0.572048 0.191397 0.552784 0.205266 0.533520 0.220060
17 0.450645 0.191297 0.452299 0.192322 0.474216 0.184236 0.482546 0.181714 0.498078 0.176291 0.497962 0.175058 0.483209 0.180201 0.461250 0.187130
18 0.722737 0.420837 0.762570 0.445884 0.769335 0.439127 0.728360 0.415131
18 0.786880 0.334854 0.811099 0.348082 0.815115 0.343803 0.792848 0.331593
18 0.514684 0.356642 0.526642 0.350447 0.581467 0.383614 0.572229 0.388607
18 0.685798 0.275079 0.716002 0.287062 0.722750 0.284780 0.689333 0.272226
19 0.729966 0.415131 0.769758 0.438751 0.783921 0.424110 0.746835 0.402292
19 0.762901 0.348082 0.785393 0.335243 0.811099 0.348082 0.791820 0.363775
19 0.528340 0.350936 0.581065 0.383971 0.654507 0.350598 0.597206 0.323969
19 0.645955 0.276220 0.692867 0.293910 0.715681 0.287633 0.685156 0.274509
