13 0.000983 0.442367 0.002991 0.996754 0.048168 0.994972 0.187713 0.718669 0.304605 0.498599 0.392950 0.337343 0.428783 0.267136 0.406542 0.267136 0.375652 0.325276 0.350322 0.334052 0.316343 0.341730 0.178574 0.371349
13 0.852930 0.356641 0.791802 0.352680 0.754768 0.332081 0.682932 0.335250 0.650360 0.304351 0.620020 0.309105 0.652145 0.333665 0.725766 0.427945 0.771724 0.489741 0.829728 0.483403
14 0.388160 0.346131 0.345135 0.424056 0.435201 0.416416 0.584642 0.407249 0.711110 0.414918 0.674794 0.368415 0.650351 0.335553 0.545244 0.335553 0.461788 0.342374
15 0.772720 0.487906 0.712484 0.411849 0.500991 0.411057 0.445663 0.415018 0.350657 0.425111 0.299534 0.515845 0.183697 0.741843 0.065234 0.991406 0.317219 0.996754 0.367416 0.745408 0.418287 0.521902 0.421857 0.498134
17 0.331378 0.572838 0.389343 0.417829 0.399470 0.417209 0.341853 0.576558 0.196748 0.998537 0.177674 0.994972
17 0.651696 0.497071 0.660620 0.496279 0.766366 0.726035 0.891464 0.998571 0.871385 0.991406 0.768050 0.757550
18 0.363154 0.505254 0.357567 0.526955 0.417279 0.525715 0.420771 0.504014
18 0.901907 0.700507 0.922878 0.729821 0.785451 0.764680 0.768496 0.727444
19 0.399819 0.418449 0.366297 0.504634 0.421818 0.506494 0.443119 0.417209
19 0.659180 0.496103 0.768050 0.728236 0.899676 0.701299 0.761357 0.491349
