13 0.623129 0.998571 0.625538 0.886099 0.639998 0.834743 0.663293 0.803358 0.708277 0.767694 0.812705 0.761988 0.893035 0.998571
13 0.000804 0.647380 0.120895 0.593071 0.164184 0.569295 0.173109 0.559784 0.159275 0.545519 0.072251 0.512232 0.074036 0.528875 0.089656 0.557407 0.000804 0.584968
14 0.701048 0.572254 0.729163 0.727750 0.734786 0.756281 0.831181 0.754855 0.855280 0.737736 0.778164 0.583667
14 0.168799 0.544861 0.205750 0.555132 0.275155 0.522607 0.338776 0.496928 0.305359 0.491222 0.263909 0.503776 0.225993 0.517471
14 0.433213 0.467433 0.519325 0.477133 0.598048 0.487975 0.659420 0.497105 0.658777 0.468574 0.608009 0.460014 0.549208 0.452596 0.472092 0.446319
16 0.726994 0.714824 0.684179 0.727750 0.617505 0.770547 0.590194 0.807638 0.568505 0.834743 0.236745 0.663555 0.153571 0.601447 0.187309 0.575769 0.195342 0.559601 0.286549 0.519471 0.339567 0.496646 0.374911 0.492366 0.433552 0.466688 0.529143 0.479527 0.655260 0.496646 0.657670 0.566548 0.663293 0.572254 0.701851 0.575107
17 0.241565 0.667834 0.115448 0.760561 0.000804 0.841875 0.000804 0.821904 0.232078 0.658897
17 0.150858 0.482099 0.258499 0.503973 0.265193 0.502546 0.153536 0.479721
18 0.229942 0.676993 0.293151 0.715288 0.407043 0.783386 0.561275 0.861847 0.568505 0.834743 0.411863 0.759135 0.293553 0.693176 0.244802 0.667008
18 0.242853 0.498971 0.151966 0.534023 0.147376 0.531170 0.238262 0.496525
19 0.258527 0.504968 0.208723 0.524940 0.171504 0.543010 0.154635 0.533499 0.241658 0.498786
