13 0.999200 0.665806 0.909330 0.664379 0.848313 0.671511 0.736716 0.744255 0.643585 0.852657 0.592202 0.933958 0.564102 0.993865 0.999200 0.998571
13 0.709419 0.383389 0.990419 0.523171 0.992024 0.555977 0.771239 0.526024 0.743139 0.523171 0.721462 0.511760 0.705404 0.494644 0.703799 0.478955
13 0.301555 0.208845 0.372318 0.233060 0.404993 0.245997 0.424037 0.259928 0.427585 0.265899 0.418996 0.271870 0.405366 0.275519 0.346739 0.294758 0.313504 0.303050 0.255064 0.319636 0.254691 0.303153 0.311337 0.269079 0.352372 0.233421 0.319365 0.223912 0.301970 0.215195
14 0.345310 0.304768 0.396693 0.283848 0.492501 0.315228 0.588844 0.342804 0.699103 0.389398 0.689614 0.436825 0.530952 0.368242 0.437567 0.334085
14 0.759834 0.397728 0.744711 0.321767 0.808253 0.349163 0.871562 0.450306 0.870327 0.457986 0.761515 0.404031
14 0.832657 0.553521 0.954692 0.544963 0.999652 0.607722 0.998046 0.650512 0.924986 0.660496
15 0.323793 0.309520 0.345310 0.301532 0.521653 0.364933 0.689872 0.438960 0.685697 0.454364 0.508443 0.375390
15 0.809207 0.352217 0.829396 0.363482 0.876869 0.424877 0.918758 0.486271 0.878266 0.462706 0.810700 0.354539 0.807900 0.350559
16 0.395065 0.280997 0.414138 0.275692 0.419936 0.269352 0.427308 0.270512 0.447380 0.271022 0.509314 0.257268 0.547163 0.253192 0.564367 0.252683 0.604797 0.269494 0.653542 0.286813 0.692251 0.300567 0.710641 0.307499 0.743453 0.323623 0.759029 0.406927 0.700867 0.377576 0.695980 0.386258 0.573457 0.336026
17 0.442626 0.352297 0.456980 0.357916 0.245317 0.464295 0.000201 0.616364 0.000201 0.586054 0.262033 0.439676
18 0.379495 0.395972 0.390324 0.391328 0.505780 0.438833 0.676517 0.520058 0.674463 0.531668 0.482561 0.441584
19 0.392636 0.391505 0.456110 0.357778 0.593350 0.413692 0.684786 0.454105 0.676155 0.522240
