13 0.477733 0.998571 0.537176 0.737535 0.755672 0.800304 0.748442 0.550655 0.739606 0.336670 0.736393 0.266768 0.799853 0.276754 0.823951 0.296726 0.999200 0.336670 0.999200 0.998571
13 0.478536 0.998571 0.537980 0.737535 0.756475 0.800304 0.749245 0.550655 0.740409 0.336670 0.737196 0.266768 0.800656 0.276754 0.824755 0.296726 1.000003 0.336670 1.000003 0.998571
14 0.169525 0.318663 0.272090 0.316698 0.510668 0.332390 0.596620 0.339523 0.608669 0.266768 0.456847 0.251076 0.355632 0.251076 0.260041 0.251076
14 0.167919 0.315809 0.270483 0.313845 0.509864 0.332390 0.599833 0.342376 0.609473 0.263915 0.455241 0.248223 0.354026 0.248223 0.258434 0.248223
16 0.264057 0.246796 0.266467 0.226824 0.256024 0.221118 0.411863 0.144083 0.459257 0.142657 0.510668 0.141230 0.645621 0.149790 0.641604 0.179748 0.713097 0.186880 0.744426 0.256782 0.700245 0.248223 0.656063 0.245370 0.610276 0.262488 0.551636 0.256782 0.380534 0.248223
17 0.148037 0.403900 0.154062 0.411033 0.277713 0.316698 0.261647 0.316698
17 0.147234 0.402473 0.153259 0.409606 0.276910 0.315271 0.260844 0.315271
18 0.179711 0.390880 0.577341 0.465061 0.581357 0.445089 0.190154 0.380894
19 0.195777 0.382320 0.576538 0.445089 0.598226 0.345229 0.286549 0.313845
19 0.197384 0.380894 0.578144 0.443663 0.599833 0.343803 0.288156 0.312418
