13 0.999069 0.757507 0.999872 0.613424 0.840821 0.417984 0.742819 0.305285 0.660080 0.219691 0.518701 0.085594 0.509864 0.085594 0.592603 0.178321 0.650440 0.252502 0.671326 0.251076 0.755672 0.369481 0.929986 0.644809
13 0.000804 0.771773 0.000804 0.893031 0.000804 0.998571 0.070464 0.998571 0.211040 0.636249 0.333140 0.350936 0.419092 0.166908 0.423912 0.122685 0.447208 0.065622 0.443994 0.061342 0.404633 0.122685 0.378928 0.194013 0.353222 0.229677 0.317074 0.238237 0.210237 0.403719 0.160432 0.486460 0.096169 0.594879 0.065644 0.650515 0.042349 0.693312
13 0.113038 0.276754 0.129104 0.330964 0.146776 0.403719 0.162842 0.469341 0.212646 0.392306 0.265664 0.313845 0.299402 0.258209
13 0.000803 0.567774 0.000804 0.623410 0.000804 0.679046 0.000804 0.756081 0.027889 0.703298 0.043955 0.673340 0.109825 0.562068
13 0.703458 0.259635 0.756475 0.312418 0.819935 0.386600 0.874559 0.450795 0.909904 0.343803 0.865723 0.338097 0.821542 0.293873 0.787803 0.259635
14 0.500225 0.245370 0.516291 0.348082 0.745229 0.358068 0.672129 0.252502
14 0.339567 0.352362 0.451224 0.346656 0.460060 0.249649 0.384547 0.248957
15 0.084120 0.997171 0.216663 0.639102 0.288959 0.462208 0.337960 0.352362 0.387764 0.352362 0.353222 0.490739 0.427125 0.489313 0.367682 0.998571
15 0.394405 0.230332 0.425159 0.231962 0.420798 0.247451 0.458454 0.247815 0.467518 0.161167 0.453634 0.100879 0.458454 0.058082 0.452831 0.056655 0.437568 0.090893 0.429535 0.108012 0.422306 0.156515 0.419092 0.176487
17 0.215056 0.998571 0.296992 0.666207 0.346796 0.480753 0.387764 0.343803 0.394190 0.345229 0.349206 0.512138 0.276106 0.806011 0.231925 0.997171
17 0.415879 0.251076 0.431945 0.203999 0.441585 0.169762 0.441585 0.112699 0.444798 0.111272 0.446404 0.172615 0.434355 0.216838 0.425519 0.246796
17 0.937216 0.998571 0.829574 0.758934 0.758885 0.606291 0.693818 0.460781 0.705064 0.463634 0.805476 0.677620 0.893838 0.871633 0.950068 0.998571
17 0.586779 0.252159 0.558571 0.203547 0.535276 0.160750 0.520106 0.133754 0.521311 0.132327 0.543349 0.170631 0.566243 0.212714 0.591599 0.251446
18 0.853673 0.784612 0.876969 0.834542 0.999069 0.794598 0.999872 0.768920 0.986216 0.747521 0.945249 0.757507 0.891428 0.773200
18 0.354829 0.490739 0.424715 0.489313 0.426322 0.467914 0.358846 0.470767
18 0.391114 0.237617 0.422442 0.238568 0.424316 0.231435 0.394327 0.230960
18 0.507847 0.204444 0.508811 0.209579 0.564130 0.211719 0.562150 0.205585
19 0.701851 0.463634 0.854477 0.786039 0.984610 0.746095 0.818328 0.466488
19 0.393387 0.346656 0.359649 0.469341 0.427929 0.466488 0.445601 0.343803
19 0.390371 0.239328 0.385953 0.248244 0.418687 0.247530 0.421297 0.239328
19 0.509247 0.211324 0.516667 0.244245 0.583823 0.246528 0.564101 0.212139
