13 0.288161 0.993171 0.342785 0.752013 0.399015 0.519417 0.436770 0.375293 0.469705 0.252574 0.491394 0.245439 0.497820 0.468046 0.504246 0.993171
13 0.000201 0.702069 0.144573 0.502293 0.325313 0.281113 0.357445 0.281113 0.391183 0.245439 0.405642 0.211191 0.435967 0.205484 0.427934 0.225461 0.406245 0.262562 0.316477 0.402405 0.153409 0.679237 0.002390 0.958923
13 0.311456 0.296810 0.002189 0.289675 0.002992 0.696361 0.144372 0.499439
13 0.997468 0.844766 0.908302 0.700642 0.806284 0.543675 0.710692 0.398124 0.633576 0.291102 0.647232 0.291102 0.760496 0.325349 0.825563 0.386709 0.996664 0.439507
14 0.385591 0.299464 0.456049 0.302518 0.437573 0.375293 0.340339 0.372715
14 0.494057 0.377801 0.579849 0.381796 0.707411 0.398920 0.648612 0.316626 0.585688 0.307589 0.492129 0.301886
15 0.000000 0.988890 0.103404 0.786260 0.226307 0.563653 0.339572 0.371012 0.433557 0.373866 0.354834 0.659260 0.272898 0.996025
15 0.494607 0.376720 0.584576 0.382428 0.658478 0.392417 0.706676 0.399551 0.764304 0.485508 0.703463 0.479462 0.633576 0.475181 0.497017 0.468046
17 0.639199 0.480889 0.743627 0.756294 0.828776 0.993171 0.848055 0.990317 0.751660 0.736316 0.650445 0.480889
18 0.762906 0.776271 0.905089 0.760575 0.883400 0.720620 0.745234 0.733462
19 0.746037 0.730608 0.909105 0.713485 0.766923 0.490877 0.712299 0.486597 0.648839 0.480889
