13 0.072874 0.998241 0.314664 0.394803 0.385448 0.240410 0.419186 0.161819 0.424715 0.115195 0.408650 0.110916 0.394994 0.153713 0.379731 0.192230 0.354026 0.225041 0.321894 0.240733 0.299402 0.256426 0.159629 0.273544 0.000804 0.277824 0.000804 0.998571
13 0.878832 0.448748 0.700099 0.259727 0.698484 0.239977 0.680123 0.218579 0.852257 0.238958 0.930291 0.254752 0.934048 0.252118 0.877818 0.448546
13 0.604709 0.999759 0.537433 0.455880 0.503293 0.243679 0.483211 0.140252 0.465137 0.145602 0.465137 0.220497 0.438026 0.443398 0.389828 0.933781 0.383803 0.998571
14 0.459546 0.249189 0.377363 0.250286 0.334726 0.349049 0.450895 0.344659
14 0.504036 0.245897 0.646156 0.250286 0.698061 0.251384 0.791367 0.353438 0.711656 0.347951 0.517630 0.350146
15 0.382799 0.997976 0.450075 0.341755 0.330585 0.350671 0.071524 0.999759
17 0.231178 0.998571 0.283016 0.763812 0.331213 0.573968 0.370142 0.437896 0.394241 0.345718 0.384972 0.346815 0.297228 0.658465 0.248412 0.864769 0.216116 0.996193
17 0.424077 0.249883 0.431380 0.219623 0.440873 0.187201 0.445985 0.166451 0.443858 0.126078 0.441321 0.125327 0.443646 0.166622 0.430752 0.210546 0.418702 0.250339
17 0.951128 0.997976 0.834651 0.741194 0.703488 0.463646 0.694837 0.461451 0.789997 0.674339 0.934058 0.996193
18 0.849713 0.785774 0.873811 0.832138 0.999326 0.792907 0.999200 0.773292 0.985268 0.742977
18 0.426798 0.489111 0.428806 0.467203 0.357083 0.468732 0.353928 0.490640
18 0.423527 0.230366 0.392232 0.229772 0.390558 0.236013 0.422188 0.237499
18 0.565355 0.210023 0.561972 0.204017 0.535760 0.205894 0.502360 0.204017 0.502782 0.211525 0.537028 0.211901
19 0.855737 0.785774 0.703112 0.463013 0.821597 0.459447 0.986272 0.741194 0.852725 0.783991
19 0.503594 0.245822 0.497265 0.214697 0.535238 0.215994 0.568100 0.216858 0.586600 0.248416
19 0.393505 0.345663 0.443844 0.343761 0.429921 0.468348 0.358695 0.471201
19 0.423906 0.234804 0.390070 0.236101 0.380090 0.253825 0.418550 0.253392
