13 0.655469 0.505299 0.636988 0.997725 0.999200 0.993698 0.998673 0.806362 0.919010 0.597366 0.818969 0.357172
13 0.109068 0.993443 0.251293 0.880685 0.461818 0.706552 0.634577 0.548119 0.599222 0.994871
13 0.939115 0.378911 0.830638 0.371775 0.996969 0.787125 0.997773 0.431722
14 0.639502 0.171788 0.731179 0.179556 0.768425 0.212760 0.825776 0.263022 0.866871 0.307944 0.751454 0.378613 0.670965 0.221320
15 0.606559 0.160144 0.625367 0.202938 0.658123 0.287399 0.702497 0.415067 0.714450 0.449365 0.762607 0.407036 0.720494 0.317270 0.671363 0.222516 0.633110 0.162672
15 0.866725 0.323831 0.893123 0.307239 0.938203 0.297139 0.962976 0.291368 0.950387 0.333209 0.950387 0.332488
15 0.951962 0.334464 0.865181 0.325900 0.828218 0.353020 0.830629 0.365865 0.938302 0.378711
16 0.439150 0.119561 0.395312 0.118666 0.343412 0.126722 0.340388 0.132092 0.342908 0.149993 0.377172 0.152678 0.426553 0.166999 0.450740 0.186691 0.449228 0.209962 0.432600 0.231444 0.386242 0.276197 0.318944 0.317850 0.201112 0.388215 0.073719 0.438833 0.002045 0.464695 0.005058 0.996372 0.032177 0.994588 0.345554 0.759080 0.708147 0.448637 0.632963 0.228781 0.586511 0.249142 0.552728 0.274860 0.548506 0.269502 0.570827 0.237354 0.577983 0.212628 0.570344 0.191427 0.568912 0.184642 0.614267 0.188883 0.602809 0.158353 0.547905 0.143936 0.468175 0.130367
18 0.793702 0.195362 0.804169 0.196137 0.828013 0.217104 0.818126 0.216280
19 0.793128 0.197120 0.735355 0.183275 0.765728 0.207967 0.812092 0.212963
