13 0.602376 0.987535 0.711825 0.987535 0.720631 0.703120 0.750318 0.574169 0.789784 0.484896 0.802357 0.458238 0.867679 0.484909 0.837595 0.662855 0.838631 0.753009 0.887152 0.998571 0.997203 0.998571 0.996993 0.677996 0.999200 0.551200 0.999200 0.397571 0.948032 0.283693 0.915016 0.283034 0.912909 0.254983 0.911329 0.239088 0.902375 0.238153 0.885782 0.367185 0.844959 0.360640 0.878671 0.271346 0.892103 0.235815 0.885519 0.235348 0.850753 0.292384 0.803346 0.383548 0.757255 0.443856 0.680064 0.577314 0.641078 0.710358 0.625012 0.814612
13 0.101156 0.251296 0.133288 0.247169 0.144915 0.302328 0.241310 0.289570 0.280741 0.292944 0.294159 0.282915 0.316933 0.280408 0.334235 0.272887 0.360541 0.276648 0.414194 0.282273 0.452163 0.271224 0.534599 0.253459 0.654310 0.229695 0.701624 0.230322 0.571332 0.263854 0.562858 0.267614 0.588987 0.280463 0.546792 0.292685 0.533904 0.290178 0.403860 0.329371 0.382086 0.340628 0.302391 0.356013 0.234534 0.369521 0.213445 0.367312 0.154678 0.371440 0.109017 0.371815 0.089992 0.372565 0.081748 0.377068 0.068430 0.371064 0.058706 0.366937 0.059974 0.354929 0.080902 0.302396
14 0.245278 0.373541 0.275507 0.371289 0.334697 0.355529 0.365983 0.348400 0.388179 0.345023 0.467451 0.378419 0.693300 0.500886 0.654431 0.558842 0.616598 0.639796 0.594832 0.709711 0.581357 0.749268 0.352862 0.490820
15 0.200576 0.383361 0.213893 0.378108 0.224463 0.374355 0.329102 0.515069 0.575265 0.822368 0.559199 0.865145 0.543133 0.936440 0.348585 0.638800 0.223483 0.427019
15 0.726886 0.998571 0.727548 0.739255 0.744882 0.639818 0.759257 0.591788 0.784463 0.513814 0.804479 0.464258 0.860051 0.488568 0.843195 0.567110 0.827184 0.672100 0.832622 0.772672 0.867462 0.968523 0.852401 0.991693
15 0.846214 0.357060 0.880825 0.368965 0.896629 0.274877 0.898395 0.259835 0.900867 0.238211 0.892392 0.235077 0.885683 0.259521 0.870500 0.299008 0.856658 0.331459
16 0.000318 0.413778 0.026734 0.398306 0.051945 0.390848 0.069988 0.385144 0.090997 0.389531 0.128072 0.391286 0.167866 0.390848 0.199256 0.383389 0.305158 0.570459 0.541125 0.932281 0.531084 0.966146 0.530080 0.989317 0.047101 0.998571 0.000804 0.998571 0.000804 0.923369
17 0.525581 0.412645 0.538293 0.421733 0.619152 0.370338 0.746338 0.295732 0.860489 0.229691 0.861969 0.223312 0.799397 0.258959 0.707864 0.307740 0.597109 0.370930
18 0.474005 0.325228 0.482038 0.322538 0.533418 0.338949 0.602250 0.365299 0.596247 0.372507 0.519625 0.343989
19 0.396042 0.347436 0.428350 0.339915 0.451831 0.335528 0.473017 0.325186 0.531454 0.347750 0.596600 0.371567 0.557407 0.391937 0.525805 0.414501 0.458893 0.375328
