13 0.959107 0.994340 0.798536 0.847427 0.646782 0.706438 0.481394 0.547639 0.376224 0.445854 0.282772 0.352856 0.327090 0.336310 0.412514 0.393364 0.596850 0.522306 0.911739 0.747583 0.999200 0.811768 0.999200 0.998571
13 0.000201 0.671361 0.000942 0.999522 0.496969 0.999522 0.439924 0.905677 0.364579 0.771820 0.270162 0.589346 0.203390 0.447052 0.148688 0.330883 0.135793 0.296737 0.116872 0.266610 0.077629 0.230634 0.065140 0.220333 0.045069 0.177542 0.033918 0.136337 0.029011 0.136337 0.039270 0.187051 0.045961 0.233011 0.062910 0.310668 0.066032 0.341572 0.043284 0.353458 0.077629 0.505602 0.098433 0.600125
13 0.042844 0.132232 0.048126 0.131481 0.070522 0.168265 0.109608 0.193039 0.153554 0.220815 0.213135 0.258726 0.261306 0.293634 0.233206 0.303768 0.170456 0.245213 0.132849 0.224569 0.100312 0.206176 0.073691 0.182529 0.061226 0.172019 0.053197 0.156630
13 0.722634 0.417234 0.557903 0.327262 0.462421 0.284472 0.480595 0.279352 0.397647 0.248912 0.471207 0.234538 0.520202 0.250825 0.667928 0.238463 0.698259 0.251827 0.734833 0.215642 0.855527 0.268231 0.954958 0.306741 0.999200 0.350628 0.999200 0.565217
14 0.155841 0.332993 0.233932 0.304553 0.328294 0.269663 0.384173 0.252547 0.397340 0.250265 0.481801 0.279362 0.437804 0.293626 0.357197 0.324435 0.315770 0.339839 0.185065 0.396323
15 0.186229 0.396729 0.314413 0.653444 0.434609 0.868315 0.519142 0.998571 0.942416 0.998571 0.759766 0.829091 0.537508 0.615116 0.412173 0.492292 0.336469 0.416065 0.277444 0.356299
15 0.032678 0.133108 0.041509 0.131681 0.054087 0.163061 0.061045 0.174472 0.079511 0.191112 0.093962 0.203474 0.105738 0.212507 0.136781 0.230574 0.159797 0.242461 0.176924 0.256249 0.195390 0.270987 0.227504 0.305695 0.155782 0.330894 0.138387 0.295711 0.122598 0.269561 0.111625 0.257199 0.094498 0.243411 0.067200 0.218213 0.045523 0.173996
15 0.731740 0.185139 0.734273 0.215724 0.698794 0.251827 0.667751 0.238138 0.613124 0.242690 0.518655 0.249822 0.493499 0.240789 0.615800 0.211786
17 0.996842 0.646312 0.838494 0.547152 0.635657 0.430089 0.473181 0.340964 0.476561 0.338336 0.654035 0.431424 0.999200 0.634751
17 0.728923 0.998571 0.603209 0.855835 0.493094 0.724206 0.375329 0.571321 0.289691 0.457213 0.231707 0.377179 0.237548 0.374403 0.377113 0.559434 0.508927 0.721165 0.624415 0.855022 0.752741 0.998571
17 0.053053 0.172117 0.037799 0.132655 0.049574 0.170216 0.068575 0.195414 0.079815 0.211104 0.113267 0.236303 0.148444 0.261708 0.158721 0.272263 0.191798 0.320473 0.196764 0.319031 0.174938 0.288238 0.161450 0.269410 0.153143 0.261026 0.140255 0.250868 0.119958 0.236778 0.083294 0.210153
18 0.603373 0.404637 0.638928 0.373665 0.625853 0.367552 0.589839 0.397709
19 0.590306 0.397236 0.477208 0.338942 0.394828 0.379252 0.327458 0.336461 0.460453 0.284989 0.557145 0.327159 0.628704 0.366849
