13 0.933585 0.998571 0.999200 0.998571 0.999200 0.852626 0.816116 0.669161 0.679229 0.534371 0.592520 0.451643 0.499575 0.365565 0.406374 0.281225 0.359599 0.294868 0.477484 0.436517 0.635148 0.628395 0.776351 0.804736
13 0.999200 0.327703 0.999200 0.589258 0.834455 0.459365 0.731083 0.384020 0.637786 0.314116 0.544560 0.247636 0.561177 0.244983 0.479211 0.198875 0.497133 0.197221 0.513182 0.205420 0.541357 0.197077 0.567109 0.205151 0.601402 0.222674 0.645410 0.223826 0.753084 0.234011 0.787252 0.253913 0.831316 0.211455 0.819553 0.254245 0.915358 0.298079
13 0.001807 0.644178 0.174315 0.553249 0.125341 0.257996 0.140595 0.242306 0.107249 0.030730 0.114003 0.047937 0.142747 0.122083 0.191792 0.176307 0.207232 0.210927 0.230716 0.265407 0.301038 0.439725 0.409552 0.693031 0.556475 0.999695 0.002008 0.998571
13 0.120286 0.028934 0.137823 0.070974 0.164655 0.100252 0.193177 0.123899 0.236278 0.154303 0.250434 0.165563 0.263110 0.177950 0.308324 0.233127 0.340016 0.225244 0.308958 0.200471 0.251068 0.152050 0.195924 0.107759 0.155147 0.075103 0.145429 0.066470 0.132963 0.042823 0.123244 0.029685
14 0.227555 0.249840 0.298623 0.234947 0.376544 0.215969 0.433065 0.205699 0.477517 0.198063 0.560338 0.244607 0.494420 0.258495 0.430935 0.273396 0.331957 0.303582 0.289138 0.318710 0.262462 0.326738
15 0.815987 0.177236 0.835985 0.185093 0.839212 0.203216 0.787026 0.254156 0.753192 0.234289 0.645211 0.223402 0.600027 0.222406 0.568100 0.205489 0.709226 0.187029 0.793908 0.185386 0.810252 0.182330
15 0.261519 0.326663 0.355453 0.297185 0.467050 0.434589 0.610803 0.611011 0.775340 0.817916 0.918466 0.998571 0.578255 0.998571 0.421698 0.688596 0.315245 0.455094
15 0.113314 0.030061 0.120709 0.059338 0.130639 0.087865 0.143527 0.117893 0.171838 0.150174 0.189163 0.167815 0.199305 0.185082 0.212192 0.208354 0.228461 0.248516 0.302831 0.233127 0.260153 0.179827 0.239236 0.159182 0.218108 0.145294 0.188741 0.123524 0.163387 0.102504 0.137189 0.072475 0.126414 0.048077 0.119230 0.028934
17 0.999200 0.673976 0.856575 0.553563 0.802304 0.504957 0.725181 0.444445 0.560212 0.315659 0.566521 0.314131 0.712755 0.426710 0.810342 0.505577 0.999200 0.661495
17 0.307845 0.311802 0.368060 0.407843 0.506977 0.628867 0.593796 0.762081 0.748727 0.998571 0.773816 0.998469 0.487394 0.576768 0.376257 0.408272 0.313887 0.309725
18 0.686615 0.408029 0.722999 0.377884 0.736900 0.387760 0.701616 0.419665
19 0.686812 0.407258 0.722339 0.377305 0.644863 0.318825 0.574912 0.268598 0.544701 0.248008 0.496298 0.257864 0.432313 0.273856 0.404821 0.280339 0.479997 0.345605 0.566585 0.313476
