13 0.999208 0.782843 0.861346 0.709756 0.708750 0.650931 0.595306 0.633105 0.512985 0.617061 0.376451 0.622409 0.338302 0.650931 0.271039 0.670539 0.240921 0.668757 0.125470 0.709756 0.001987 0.786408 0.004999 0.994972 0.346333 0.994972 0.773001 0.996754 0.998884 0.996754 0.999208 0.784625
13 0.685317 0.436695 0.687727 0.424811 0.712356 0.424811 0.738592 0.440497 0.757332 0.450480 0.834945 0.493770 0.865465 0.505178 0.864929 0.519439 0.841370 0.508030 0.830662 0.509932 0.735356 0.465248 0.713939 0.446234
14 0.270228 0.637134 0.294322 0.430901 0.381432 0.427610 0.435798 0.607515
14 0.304313 0.392625 0.311381 0.338434 0.356357 0.335581 0.371456 0.391484
14 0.390243 0.433762 0.400683 0.401843 0.501236 0.412111 0.658970 0.428224 0.690292 0.465302 0.589689 0.454678 0.438967 0.439942
14 0.685054 0.417642 0.609559 0.388407 0.549324 0.369868 0.474230 0.349190 0.420822 0.332790 0.371830 0.337782 0.404759 0.352755 0.482262 0.373434 0.563780 0.399816 0.666181 0.436181
14 0.300769 0.386868 0.170661 0.378311 0.065450 0.364051 0.020474 0.399703 0.112032 0.408259 0.271053 0.425372
14 0.585349 0.615958 0.637152 0.550359 0.723891 0.463368 0.843559 0.519698 0.835126 0.597419 0.826291 0.682984
14 0.749871 0.443122 0.765613 0.431143 0.845927 0.468221 0.843357 0.493320
16 0.578656 0.606484 0.710370 0.462450 0.358595 0.335529 0.303179 0.335529 0.101591 0.365477 0.005214 0.413963 0.250975 0.642136
17 0.840844 0.545589 0.932278 0.589468 0.929807 0.601535 0.840844 0.556559
18 0.906588 0.583149 0.917564 0.589329 0.912210 0.547972 0.900699 0.543219
19 0.842656 0.545379 0.845066 0.519710 0.899411 0.542052 0.903962 0.581031
