13 0.990541 0.472471 0.957596 0.468189 0.899742 0.465334 0.853941 0.459625 0.817782 0.468189 0.768766 0.528137 0.731001 0.573811 0.686003 0.643750 0.664308 0.705124 0.628149 0.793618 0.572705 0.993443 0.814568 0.989161 0.828228 0.852138 0.854744 0.743662 0.883671 0.653741
13 0.570059 0.358174 0.590809 0.317536 0.599322 0.313755 0.625924 0.268864 0.629382 0.260831 0.632575 0.250435 0.645876 0.245237 0.655985 0.243819 0.678863 0.255160 0.711318 0.262721 0.737122 0.273117 0.761330 0.283040 0.841935 0.313755 0.875906 0.329523 0.910831 0.347249 0.938848 0.361224 0.966097 0.375882 0.984383 0.383776 0.986440 0.389867 0.972038 0.389867 0.933631 0.377684 0.912932 0.370054 0.882894 0.357119 0.848304 0.349035 0.827369 0.347418 0.738620 0.349843 0.712223 0.339334 0.651692 0.344184 0.583423 0.361970
13 0.358999 0.153031 0.389222 0.153031 0.381338 0.171371 0.371013 0.182708 0.363317 0.191378 0.359375 0.198714 0.295174 0.228057 0.280156 0.229725 0.183095 0.277790 0.085340 0.322724 0.005308 0.369245 0.005308 0.333562 0.082313 0.296757 0.176887 0.250661 0.314713 0.200468
14 0.756610 0.357831 0.818822 0.354378 0.913113 0.426898 0.839722 0.444165
14 0.619006 0.265109 0.558252 0.243349 0.460116 0.216639 0.373456 0.196958 0.296278 0.235420 0.334339 0.246223 0.394033 0.261625 0.455763 0.280603 0.576850 0.321371
14 0.670307 0.249791 0.695231 0.221437 0.715954 0.201539 0.783723 0.227903 0.774762 0.286104
16 0.377585 0.193806 0.449736 0.154887 0.499222 0.138783 0.680166 0.176360 0.617459 0.266946 0.484489 0.219304
17 0.374813 0.258342 0.329124 0.285395 0.134878 0.408496 0.002295 0.503056 0.003300 0.520898 0.065573 0.476294 0.149161 0.415399 0.182145 0.392018 0.336136 0.289057 0.383718 0.260628
18 0.685500 0.366435 0.697230 0.365634 0.744605 0.419331 0.805515 0.485851 0.796942 0.497071 0.737837 0.428948
18 0.546258 0.364085 0.474567 0.337061 0.419965 0.316331 0.339489 0.288676 0.329096 0.295900 0.362534 0.308742 0.412464 0.326400 0.540422 0.374821
19 0.699189 0.365405 0.755149 0.358812 0.843866 0.455396 0.808222 0.486652
19 0.572522 0.320239 0.457640 0.281281 0.386971 0.260256 0.342725 0.288870 0.422480 0.316529 0.546761 0.363526
