13 0.011736 0.221896 0.198458 0.225065 0.481928 0.242620 0.659174 0.270049 0.914950 0.343135 0.999619 0.369887 0.998616 0.327097 0.743709 0.268260 0.725644 0.262911 0.715609 0.252214 0.528641 0.213724 0.296704 0.199461 0.010098 0.214772
14 0.491042 0.239329 0.401122 0.359142 0.283102 0.544566 0.222888 0.657248 0.624316 0.885463 0.640373 0.543140 0.645993 0.407637 0.650810 0.316351 0.653219 0.272135
15 0.087322 0.560928 0.197980 0.433627 0.307821 0.319560 0.420221 0.332397 0.341942 0.455063 0.259766 0.586523 0.223119 0.655464 0.219507 0.660456
15 0.653219 0.270391 0.651613 0.331724 0.999200 0.430142 0.999200 0.371662 0.847510 0.321740
15 0.450511 0.292674 0.485748 0.245921 0.276987 0.226889 0.001066 0.225866 0.001066 0.252610 0.230884 0.268656
17 0.651447 0.302429 0.787124 0.335687 0.995605 0.400197 0.995605 0.391282 0.723378 0.315339 0.651819 0.297355
17 0.640160 0.537094 0.932132 0.630629 0.996051 0.651590 0.999619 0.637327 0.788688 0.574338 0.641944 0.527585
17 0.469185 0.267629 0.262537 0.247784 0.000063 0.237950 0.002070 0.229035 0.329364 0.249319 0.472718 0.262209
18 0.704141 0.285276 0.704676 0.311901 0.719128 0.314754 0.717424 0.286884
18 0.342384 0.276752 0.364634 0.254746 0.375415 0.255561 0.353165 0.277160
19 0.652553 0.271479 0.703615 0.284602 0.703936 0.309135 0.652232 0.297154
19 0.374781 0.256357 0.470321 0.266341 0.452659 0.290233 0.354309 0.276682
