13 0.025165 0.139167 0.049328 0.128246 0.115618 0.197050 0.164474 0.301535 0.381745 0.759327 0.512254 0.998571 0.187867 0.998571 0.076452 0.513974 0.046581 0.279469 0.088288 0.255417 0.080397 0.219339
13 0.429221 0.177755 0.471213 0.165515 0.496454 0.176123 0.555427 0.165515 0.579750 0.174491 0.573325 0.250383 0.419125 0.181427
13 0.000201 0.659404 0.095508 0.604867 0.192887 0.998571 0.000337 0.996787
14 0.481203 0.221500 0.402309 0.184834 0.355551 0.196385 0.327972 0.203083 0.283922 0.216499 0.232814 0.234674 0.152440 0.263859 0.187429 0.341357 0.277462 0.299152 0.377547 0.257829 0.442821 0.233816 0.460610 0.228183
15 0.342558 0.270927 0.416442 0.330347 0.490497 0.290211 0.553929 0.262195 0.479038 0.221445
15 0.185930 0.341679 0.290966 0.293000 0.458575 0.471324 0.670579 0.697313 0.954855 0.995803 0.511127 0.997588 0.295812 0.597370 0.180879 0.346267
15 0.104349 0.180755 0.134258 0.232989 0.147796 0.267671 0.234534 0.234621 0.172808 0.172194 0.156975 0.160361 0.078268 0.108543 0.041482 0.106915 0.051119 0.129765
17 0.280078 0.169841 0.310261 0.186313 0.340593 0.200129 0.345524 0.199332 0.315042 0.186048
17 0.190143 0.250435 0.140425 0.179196 0.109465 0.153665 0.113075 0.153575 0.144093 0.178935 0.193942 0.248616
17 0.237331 0.320227 0.454919 0.632211 0.739400 0.992324 0.758676 0.995180 0.395110 0.529927 0.242208 0.317350
17 0.501661 0.283889 0.741595 0.440657 0.732577 0.443664 0.496095 0.287511
18 0.245387 0.189199 0.293478 0.177082 0.298345 0.179506 0.248503 0.193700
18 0.294460 0.389647 0.346090 0.360269 0.354580 0.370062 0.302950 0.401071
18 0.143864 0.249017 0.181051 0.238285 0.179104 0.232746 0.142112 0.244171
18 0.659441 0.329918 0.625480 0.364192 0.639477 0.373168 0.671832 0.340118
19 0.242601 0.316611 0.286429 0.296210 0.345631 0.359861 0.295378 0.389647
19 0.144448 0.249017 0.152236 0.264943 0.189813 0.250402 0.182025 0.236900
19 0.504093 0.284219 0.554346 0.263410 0.658523 0.329510 0.624792 0.365416
