13 0.000804 0.564623 0.023145 0.559274 0.050241 0.552142 0.085366 0.539662 0.129523 0.527181 0.161638 0.530747 0.187730 0.539662 0.216834 0.573537 0.245938 0.632374 0.283070 0.753613 0.359341 0.998571 0.000804 0.998571
13 0.993598 0.489740 0.996609 0.582452 0.821987 0.518266 0.698548 0.468344 0.639337 0.452298 0.597461 0.434664 0.559612 0.416835 0.522623 0.404099 0.508573 0.392383 0.512587 0.385251 0.529791 0.372007 0.548716 0.360800 0.567354 0.353668
14 0.233178 0.540370 0.297406 0.507088 0.363419 0.472222 0.420511 0.446865 0.469129 0.427847 0.516408 0.404075 0.632376 0.455582 0.613643 0.472222 0.473589 0.553841 0.392411 0.614857 0.333981 0.660817 0.272875 0.709154
14 0.442250 0.340882 0.516801 0.367881 0.505045 0.397426 0.403541 0.352598
14 0.228836 0.544233 0.273439 0.492726 0.341682 0.424578 0.477275 0.419032 0.487980 0.391297 0.382271 0.392089 0.412155 0.359600 0.378702 0.352469 0.326963 0.392089 0.219023 0.415069 0.218131 0.439634 0.284144 0.430125 0.221699 0.479255
14 0.122724 0.509974 0.186335 0.504488 0.180160 0.444143 0.134459 0.456212
14 0.211378 0.391164 0.215106 0.418673 0.273599 0.398806 0.328652 0.381995 0.377684 0.363147 0.363061 0.346846
16 0.213812 0.416961 0.232546 0.542955 0.512208 0.401113 0.402930 0.352776
17 0.454967 0.573902 0.469628 0.561499 0.576443 0.658862 0.950444 0.988960 0.880194 0.998571
18 0.559545 0.641486 0.572926 0.659712 0.726361 0.508361 0.712534 0.499644
19 0.470338 0.560660 0.635370 0.454477 0.719224 0.487758 0.559991 0.640694
