13 0.002992 0.519417 0.284948 0.712058 0.495410 0.831923 0.652855 0.898991 0.930794 0.993171 0.000582 0.994598
13 0.000582 0.254001 0.339572 0.278259 0.647232 0.335338 0.999877 0.433799 0.998271 0.470900 0.472918 0.338192 0.002992 0.282540
14 0.219881 0.666395 0.284144 0.550810 0.348408 0.439507 0.399818 0.359596 0.422311 0.332484 0.646429 0.373866 0.644019 0.432372 0.639199 0.556518 0.630363 0.776271 0.626347 0.887575 0.449623 0.804811 0.319489 0.729181
14 0.439983 0.292529 0.484967 0.241158 0.654462 0.272551 0.652052 0.331057
15 0.080108 0.570788 0.154011 0.485170 0.253619 0.375293 0.311456 0.315360 0.420704 0.329630 0.370900 0.406686 0.292177 0.530833 0.221488 0.667822
15 0.482557 0.244012 0.439983 0.296810 0.337162 0.281113 0.003796 0.254001 0.000582 0.225461 0.166864 0.229742 0.391785 0.234023
15 0.651249 0.331057 0.652855 0.273978 0.768529 0.298237 0.994254 0.361023 0.995861 0.428091
17 0.641609 0.520844 0.856088 0.589338 0.862514 0.612170 0.640003 0.540821
18 0.925171 0.616451 0.857695 0.446641 0.880187 0.450922 0.957303 0.627867
19 0.002189 0.490877 0.120273 0.386709 0.211045 0.412394 0.080108 0.572215 0.002189 0.515136
19 0.649642 0.388136 0.861711 0.446641 0.925171 0.616451 0.643216 0.522271
