13 0.001299 0.343452 0.222888 0.514613 0.426813 0.670085 0.571327 0.758518 0.799339 0.898300 0.939036 0.973896 0.796930 0.991012 0.407545 0.991012 0.131362 0.992438 0.002102 0.985307
13 0.441265 0.253592 0.462942 0.229344 0.511916 0.247887 0.559285 0.265003 0.613879 0.246460 0.650007 0.233623 0.669276 0.246460 0.661247 0.294956 0.661247 0.339173
13 0.992827 0.765650 0.808973 0.664379 0.654022 0.580225 0.511916 0.503202 0.533593 0.444722 0.666065 0.513187 0.776056 0.570241 0.872399 0.618736 0.942247 0.652969 0.995236 0.685774
13 0.293539 0.386242 0.197999 0.333467 0.118516 0.290677 0.072753 0.267856 0.037428 0.257871 0.002102 0.242181 0.002102 0.217934 0.058302 0.243608 0.105670 0.262150 0.182745 0.294956 0.266242 0.330615 0.329668 0.357715
14 0.450899 0.681495 0.519142 0.480381 0.549650 0.401932 0.564905 0.360568 0.578553 0.309220 0.523156 0.287824 0.454110 0.265003 0.377036 0.324909 0.292736 0.396227 0.188365 0.481807
15 0.452505 0.680069 0.678107 0.821277 0.842693 0.913990 0.933416 0.959633 0.993630 0.844099 0.991222 0.774208 0.720659 0.627294 0.593807 0.557403 0.511916 0.508908
15 0.185956 0.480381 0.085599 0.401932 0.000496 0.330615 0.000496 0.243608 0.092022 0.280693 0.185153 0.330615 0.291933 0.390521
17 0.485422 0.587357 0.725476 0.727138 0.840284 0.788471 0.948670 0.845525 0.990419 0.869773 0.988813 0.852657 0.730293 0.717154 0.617893 0.648690 0.534396 0.604473 0.489436 0.575946
17 0.011102 0.288268 0.053252 0.311446 0.111459 0.350671 0.150598 0.377415 0.185723 0.397027 0.239916 0.436252 0.239916 0.421988 0.165652 0.377415 0.107445 0.341756 0.066298 0.309664 0.030170 0.288268 0.013109 0.279354
18 0.675145 0.373360 0.686664 0.458940 0.693645 0.523436 0.699929 0.522196 0.684919 0.403127 0.678985 0.372119
18 0.250185 0.300661 0.311202 0.267856 0.348936 0.250739 0.359373 0.250739 0.348936 0.261041 0.281496 0.296382 0.256608 0.314925
19 0.690953 0.514613 0.605047 0.473249 0.533593 0.444722 0.570525 0.343452 0.582567 0.300661 0.652416 0.334894 0.674896 0.346305
19 0.338499 0.350584 0.250185 0.316351 0.318428 0.274987 0.382656 0.239329 0.413967 0.249313 0.446082 0.267856
