13 0.028041 0.140952 0.052204 0.130031 0.118494 0.198836 0.167351 0.303321 0.384621 0.761113 0.515130 0.998571 0.190744 0.998571 0.079329 0.515760 0.049458 0.281255 0.091164 0.257203 0.083274 0.221125
13 0.429221 0.177755 0.471213 0.165515 0.496454 0.176123 0.555427 0.165515 0.579750 0.174491 0.573325 0.250383 0.419125 0.181427
13 0.000201 0.659404 0.095508 0.604867 0.192887 0.998571 0.000337 0.996787
14 0.476417 0.218122 0.397523 0.181457 0.350765 0.193007 0.323186 0.199706 0.279136 0.213121 0.228028 0.231297 0.147654 0.260482 0.182644 0.337980 0.272676 0.295774 0.372762 0.254452 0.438035 0.230438 0.455824 0.224805
15 0.340951 0.266439 0.414836 0.325859 0.488891 0.285723 0.552323 0.257707 0.477432 0.216957
15 0.185597 0.335596 0.290632 0.286917 0.458242 0.465240 0.670246 0.691230 0.955467 0.998571 0.511127 0.998571 0.304724 0.592961 0.190327 0.354019
15 0.102584 0.175419 0.132493 0.227654 0.146031 0.262336 0.232769 0.229286 0.171043 0.166858 0.155210 0.155026 0.076503 0.103207 0.039716 0.101580 0.049354 0.124429
17 0.278850 0.163655 0.309033 0.180128 0.339365 0.193944 0.344296 0.193147 0.313815 0.179862
17 0.190926 0.245558 0.141209 0.174320 0.110248 0.148788 0.113859 0.148698 0.144876 0.174059 0.194726 0.243739
17 0.237331 0.320227 0.454919 0.632211 0.739400 0.992324 0.758676 0.995180 0.395110 0.529927 0.242208 0.317350
17 0.500493 0.278350 0.740427 0.435118 0.731409 0.438124 0.494927 0.281972
18 0.244364 0.184833 0.292455 0.172716 0.297322 0.175139 0.247479 0.189334
18 0.294068 0.384074 0.345698 0.354696 0.354188 0.364489 0.302559 0.395498
18 0.143250 0.243924 0.180437 0.233191 0.178490 0.227652 0.141498 0.239077
18 0.658078 0.326456 0.624117 0.360730 0.638115 0.369706 0.670469 0.336656
19 0.242209 0.311734 0.286037 0.291333 0.345239 0.354985 0.294986 0.384770
19 0.143033 0.243382 0.150821 0.259307 0.188398 0.244767 0.180610 0.231265
19 0.502730 0.279719 0.552983 0.258910 0.657160 0.325009 0.623429 0.360915
