13 0.029219 0.144524 0.053382 0.133603 0.119672 0.202407 0.168528 0.306892 0.385798 0.764685 0.516308 0.998571 0.191921 0.998571 0.080506 0.519332 0.050635 0.284826 0.092342 0.260774 0.084451 0.224697
13 0.429221 0.177755 0.471213 0.165515 0.496454 0.176123 0.555427 0.165515 0.579750 0.174491 0.573325 0.250383 0.419125 0.181427
13 0.000201 0.659404 0.095508 0.604867 0.192887 0.998571 0.000337 0.996787
14 0.480714 0.222209 0.401820 0.185544 0.355062 0.197094 0.327483 0.203793 0.283433 0.217208 0.232325 0.235384 0.151951 0.264569 0.186941 0.342067 0.276973 0.299861 0.377059 0.258539 0.442332 0.234525 0.460121 0.228892
15 0.344838 0.270941 0.418722 0.330361 0.492777 0.290225 0.556209 0.262209 0.481319 0.221459
15 0.186714 0.340950 0.291749 0.292271 0.459359 0.470595 0.671363 0.696585 0.955639 0.995074 0.511910 0.996859 0.296596 0.596642 0.181663 0.345538
15 0.104349 0.180755 0.134258 0.232989 0.147796 0.267671 0.234534 0.234621 0.172808 0.172194 0.156975 0.160361 0.078268 0.108543 0.041482 0.106915 0.051119 0.129765
17 0.279679 0.171204 0.309861 0.187677 0.340193 0.201493 0.345124 0.200696 0.314643 0.187411
17 0.190143 0.250435 0.140425 0.179196 0.109465 0.153665 0.113075 0.153575 0.144093 0.178935 0.193942 0.248616
17 0.237331 0.320227 0.454919 0.632211 0.739400 0.992324 0.758676 0.995180 0.395110 0.529927 0.242208 0.317350
17 0.506767 0.284414 0.746701 0.441181 0.737683 0.444188 0.501201 0.288036
18 0.243599 0.189625 0.291689 0.177508 0.296557 0.179931 0.246714 0.194125
18 0.294460 0.389647 0.346090 0.360269 0.354580 0.370062 0.302950 0.401071
18 0.143864 0.249017 0.181051 0.238285 0.179104 0.232746 0.142112 0.244171
18 0.661117 0.328593 0.627156 0.362867 0.641154 0.371844 0.673508 0.338794
19 0.242601 0.316611 0.286429 0.296210 0.345631 0.359861 0.295378 0.389647
19 0.144448 0.249017 0.152236 0.264943 0.189813 0.250402 0.182025 0.236900
19 0.506452 0.282757 0.556705 0.261948 0.660882 0.328047 0.627151 0.363953
