13 0.828141 0.452755 0.787806 0.431206 0.774777 0.417579 0.781916 0.409022 0.816540 0.426769 0.861159 0.450537 0.876330 0.457509 0.871511 0.475573
13 0.996876 0.789973 0.841268 0.702626 0.692687 0.638452 0.578240 0.615279 0.443714 0.595670 0.364404 0.595670 0.346333 0.608148 0.312200 0.624192 0.256984 0.634887 0.201768 0.638452 0.000804 0.711539 0.001987 0.998571 0.318223 0.996754 0.806130 0.994972 0.999208 0.998537
13 0.935406 0.550193 0.934870 0.529277 0.886414 0.505509 0.863658 0.500755 0.778258 0.455121 0.762731 0.437057 0.724180 0.421371 0.704637 0.414716 0.689645 0.420420 0.690984 0.431353 0.703031 0.428976 0.731944 0.445138 0.746668 0.461776 0.852682 0.516442 0.873296 0.516442
14 0.569054 0.594447 0.677168 0.500106 0.739783 0.461828 0.859710 0.523691 0.843356 0.594447 0.827294 0.683302
14 0.243206 0.599394 0.288985 0.407587 0.376928 0.407587 0.413070 0.583707
14 0.385572 0.406959 0.396414 0.375585 0.485161 0.391272 0.585306 0.410533 0.673899 0.421220 0.701607 0.460437 0.624907 0.446889 0.507562 0.430498 0.384196 0.413643
14 0.299298 0.367568 0.304652 0.339047 0.311077 0.314645 0.358016 0.315279 0.363013 0.336829 0.368903 0.371371
14 0.298487 0.366697 0.228037 0.357057 0.154148 0.349927 0.065926 0.343135 0.012151 0.363597 0.055799 0.372897 0.153573 0.384678 0.263458 0.395005
14 0.766652 0.442677 0.785009 0.430861 0.869913 0.476495 0.864176 0.500127
14 0.696147 0.410264 0.606195 0.373757 0.509176 0.341812 0.461264 0.325495 0.422312 0.314799 0.375828 0.316754 0.432351 0.337260 0.510055 0.365425 0.672373 0.421435 0.696467 0.410027
16 0.564199 0.590797 0.732858 0.455320 0.668173 0.422447 0.537663 0.376099 0.436467 0.339734 0.361775 0.313352 0.305570 0.311545 0.211870 0.319468 0.079799 0.336105 0.018220 0.341835 0.015655 0.356920 0.140945 0.483841 0.231979 0.606208 0.399403 0.584268
