13 0.230836 0.210910 0.242886 0.233751 0.254935 0.258020 0.260558 0.287999 0.259755 0.296564 0.246099 0.305130 0.238066 0.316550 0.227623 0.325116 0.230836 0.415053 0.236460 0.513555 0.245296 0.630616 0.254132 0.763380 0.266985 0.883296 0.279034 0.998930 0.393101 0.998930 0.450938 0.998571 0.520022 0.998571 0.447725 0.786221 0.397118 0.634899 0.344904 0.465018 0.311969 0.350812 0.291887 0.283716 0.285460 0.260875 0.276624 0.245172 0.250115 0.205200
13 0.016297 0.388926 0.002240 0.399633 0.002240 0.999213 0.038388 0.977799 0.100643 0.936757 0.182980 0.899283 0.199046 0.904636 0.204067 0.942110 0.211096 0.995644 0.249252 0.993860 0.237203 0.833258 0.222141 0.667302 0.216116 0.531683 0.163902 0.544174 0.114701 0.569157 0.075540 0.572726 0.059474 0.570941
13 0.539784 0.277458 0.559632 0.281171 0.544319 0.266003 0.554110 0.257973 0.575447 0.276264 0.588752 0.276710 0.603311 0.279386 0.620113 0.291733 0.640966 0.299908 0.669315 0.298871 0.741279 0.303069 0.770767 0.306683 0.805085 0.311201 0.817541 0.317526 0.838894 0.330627 0.851096 0.323399 0.862790 0.317526 0.870924 0.312556 0.877788 0.316170 0.878438 0.349995 0.879687 0.384020 0.871362 0.418785 0.839730 0.402512 0.834319 0.399553 0.820337 0.414655 0.811428 0.426921 0.806017 0.433578 0.802687 0.439496 0.763563 0.415087 0.738174 0.398814 0.694174 0.371627 0.662770 0.351653 0.609148 0.320408
14 0.580061 0.319000 0.515690 0.327591 0.472956 0.333790 0.390817 0.350509 0.327495 0.365299 0.316571 0.365659 0.297462 0.304209 0.363806 0.294606 0.407081 0.286915 0.449798 0.280416 0.483449 0.275915 0.500094 0.273343 0.512758 0.271414 0.521804 0.274629 0.528835 0.274814 0.551114 0.289419 0.576443 0.306782 0.581870 0.310640 0.589469 0.317070
15 0.318038 0.370329 0.356511 0.361313 0.404286 0.350794 0.473097 0.336644 0.549639 0.325108 0.590311 0.319237 0.605955 0.329756 0.624980 0.341026 0.643288 0.354255 0.647895 0.358349 0.634650 0.360907 0.596645 0.368582 0.552306 0.379327 0.518044 0.388026 0.502496 0.392119 0.442609 0.409516 0.470317 0.452318 0.514886 0.514026 0.565157 0.588628 0.621128 0.672441 0.731596 0.831832 0.850082 0.998571 0.693440 0.998571 0.536798 0.998571 0.389066 0.591227 0.361585 0.507827 0.331990 0.414659
15 0.245901 0.203797 0.270060 0.195567 0.279925 0.203797 0.294018 0.215246 0.309520 0.228484 0.330458 0.251382 0.346564 0.273923 0.360858 0.294675 0.328445 0.300399 0.297441 0.304335 0.283952 0.260685 0.274489 0.241364 0.265417 0.229826 0.254357 0.215246
17 0.672933 0.938681 0.405741 0.437214 0.365598 0.359241 0.358105 0.359241 0.424474 0.491415 0.662490 0.951521
17 0.838213 0.584603 0.695304 0.469545 0.583440 0.373504 0.588257 0.367799 0.717784 0.473348 0.838213 0.568438
18 0.754181 0.446723 0.711897 0.470496 0.698516 0.461937 0.741870 0.437214
19 0.701192 0.458134 0.589327 0.374455 0.646063 0.361142 0.739194 0.437214
