13 0.055259 0.992526 0.268016 0.545010 0.390452 0.315012 0.417548 0.256176 0.429591 0.215168 0.418552 0.209819 0.372387 0.295400 0.338266 0.320361 0.296116 0.363151 0.210813 0.489740 0.085366 0.666250 0.002070 0.796404 0.002070 0.987177
13 0.812955 0.448732 0.674462 0.311446 0.752741 0.311446 0.788869 0.323927 0.815966 0.350671 0.831019 0.359586
13 0.332245 0.994309 0.440272 0.396213 0.490584 0.390507 0.498837 0.473693 0.542995 0.992526
13 0.458532 0.317469 0.467203 0.273537 0.468488 0.245010 0.462707 0.216483 0.459817 0.198226 0.474268 0.193091 0.481334 0.251286 0.488078 0.318610
14 0.346537 0.403352 0.503986 0.388297 0.610588 0.384334 0.698902 0.380372 0.729678 0.377203 0.672586 0.313017 0.549482 0.317772 0.443772 0.320149 0.389802 0.324111
15 0.439627 0.195556 0.424573 0.243695 0.390452 0.316795 0.452673 0.316795 0.467524 0.256421 0.456687 0.197339
15 0.060277 0.992526 0.210813 0.671598 0.343284 0.402376 0.385283 0.402357 0.324894 0.561736 0.246941 0.785706 0.177695 0.980045
15 0.393565 0.400979 0.276842 0.736718 0.196763 0.992526 0.311170 0.992526 0.433536 0.399273
15 0.501493 0.472159 0.492929 0.393235 0.734857 0.381824 0.770717 0.413204 0.809790 0.450289
17 0.653387 0.468344 0.767794 0.707257 0.904280 0.994309 0.892237 0.994309 0.740698 0.671598 0.647366 0.473693
17 0.387553 0.400836 0.355999 0.484758 0.256870 0.760123 0.263663 0.762317 0.359416 0.491038 0.391157 0.402804
18 0.754748 0.682296 0.883205 0.659118 0.900266 0.680513 0.774819 0.717955
19 0.651380 0.464779 0.759766 0.678730 0.882202 0.650203 0.762777 0.457647
