13 0.025077 0.668757 0.055195 0.577844 0.001987 0.533279 0.001987 0.438802 0.313204 0.570714 0.704734 0.706191 0.995872 0.789973 0.995872 0.996754 0.000983 0.996754 0.000804 0.659844
13 0.679800 0.088967 0.651865 0.086487 0.566662 0.150971 0.481809 0.149731 0.460159 0.152831 0.450381 0.178872 0.565265 0.193133 0.683641 0.196233 0.680847 0.151591
14 0.222850 0.517236 0.316215 0.381759 0.440853 0.201056 0.445177 0.182408 0.515606 0.190086 0.595920 0.193377 0.544643 0.466526 0.514989 0.632170
15 0.552138 0.424541 0.513988 0.625974 0.800107 0.715104 0.998884 0.777495 0.995872 0.535062 0.783040 0.479801
15 0.002991 0.346107 0.004999 0.433454 0.137517 0.483367 0.220843 0.515453 0.313204 0.383541 0.113423 0.353237
15 0.552854 0.423883 0.597027 0.192542 0.700542 0.196503 0.758547 0.469834
17 0.537294 0.500708 0.812215 0.576399 0.999888 0.631322 0.999888 0.650931 0.764193 0.585051 0.538078 0.526911
17 0.272473 0.435003 0.266912 0.449264 0.092340 0.401367 0.000983 0.388889 0.000983 0.379976 0.096681 0.393937
18 0.158998 0.489272 0.203974 0.431516 0.220840 0.437933 0.171447 0.499254
18 0.777829 0.566689 0.763619 0.478931 0.793274 0.484415 0.809954 0.568883
19 0.549861 0.429566 0.539976 0.500870 0.775357 0.567786 0.764855 0.480027
19 0.175492 0.496797 0.221450 0.438961 0.264284 0.449261 0.221450 0.514227
