13 0.002991 0.526149 0.051179 0.513671 0.127478 0.501193 0.175666 0.497627 0.215823 0.617061 0.324247 0.998571 0.000983 0.991406
13 0.994868 0.647365 0.989848 0.549323 0.789916 0.467794 0.619026 0.399660 0.518187 0.356085 0.494093 0.371930 0.488739 0.384607 0.542727 0.413128 0.677476 0.470171 0.717187 0.488393 0.923589 0.602800
14 0.314458 0.465679 0.221923 0.516522 0.251604 0.609527 0.271159 0.661609 0.416073 0.559924 0.519433 0.498541 0.596379 0.461085 0.536589 0.419095 0.489740 0.393743
14 0.352258 0.351053 0.301839 0.381159 0.230448 0.387497 0.201892 0.393043 0.203677 0.414434 0.260789 0.410473 0.207247 0.442956 0.213939 0.513468 0.235357 0.487323 0.327271 0.404927 0.459343 0.407304 0.468427 0.378343 0.364263 0.379207 0.393954 0.351982
14 0.426340 0.332512 0.501056 0.361898 0.457978 0.379184 0.414658 0.358009 0.388373 0.343748
14 0.340383 0.332550 0.198982 0.364529 0.201902 0.390890 0.295358 0.369715 0.361070 0.349836
14 0.131286 0.423958 0.094779 0.491805 0.142724 0.481865 0.169739 0.471494 0.161221 0.413587
16 0.202301 0.390444 0.218015 0.518791 0.299726 0.473529 0.405880 0.423926 0.482702 0.396025 0.418101 0.356962 0.390166 0.343322 0.290996 0.369363
18 0.677266 0.499259 0.694222 0.507182 0.624616 0.559471 0.540286 0.637906 0.521100 0.619684 0.613461 0.543626
19 0.597381 0.454935 0.677695 0.495340 0.604520 0.548422 0.520191 0.622102 0.449247 0.540499 0.522422 0.496925
