13 0.000804 0.397944 0.000318 0.493479 0.073418 0.563348 0.016384 0.675994 0.051729 0.757271 0.035663 0.774381 0.000804 0.814306 0.001121 0.989692 0.995596 0.992544 0.993187 0.924101 0.745773 0.814306 0.492736 0.700235 0.289503 0.580459
13 0.479080 0.273891 0.512015 0.243947 0.585918 0.249651 0.672673 0.208300 0.751396 0.228262 0.867873 0.265336 0.995596 0.356593 0.993990 0.409351 0.659017 0.308113
14 0.241305 0.533405 0.332077 0.432166 0.394734 0.368000 0.475867 0.273891 0.614836 0.306687 0.585918 0.382259 0.544146 0.553367 0.500769 0.677420 0.350553 0.601848
15 0.556999 0.513442 0.498359 0.683124 0.740150 0.804325 0.997203 0.905564 0.996400 0.678846
15 0.005941 0.397944 0.140894 0.476369 0.243715 0.534831 0.327258 0.432166 0.183468 0.376556 0.003531 0.330927
15 0.612201 0.305195 0.554179 0.507891 0.753002 0.574756 0.996400 0.667439 0.996400 0.573330 0.740150 0.499183 0.713641 0.323798
17 0.003531 0.363723 0.106352 0.397944 0.282273 0.482072 0.288700 0.472091 0.090287 0.382259 0.007548 0.356593
17 0.534507 0.598996 0.806020 0.711642 0.996400 0.780085 0.993990 0.762974 0.642148 0.621810 0.540130 0.586163
17 0.043247 0.280670 0.198443 0.298921 0.335003 0.317173 0.427640 0.328721 0.429889 0.320166 0.256057 0.301344 0.127375 0.285395 0.054187 0.278265
18 0.762159 0.669566 0.749307 0.586864 0.778708 0.597570 0.788783 0.680159
