13 0.003708 0.992438 0.995236 0.981028 0.993630 0.889742 0.698982 0.809866 0.519945 0.748534 0.319230 0.665806 0.148222 0.574520 0.003708 0.501776
13 0.459730 0.286398 0.686939 0.302088 0.685333 0.205096 0.652416 0.192259 0.576145 0.250739 0.490239 0.245034
13 0.580159 0.521745 0.993630 0.623015 0.990419 0.530303 0.587385 0.458986
13 0.001299 0.400506 0.164279 0.427606 0.281496 0.449001 0.328865 0.461838 0.356162 0.427606 0.222085 0.407637 0.092825 0.384816 0.004510 0.376258
14 0.240550 0.605899 0.375430 0.674364 0.555270 0.741402 0.605850 0.303514 0.450899 0.292103
15 0.003708 0.488939 0.074359 0.527450 0.165885 0.575946 0.218873 0.510334 0.174716 0.498923 0.069542 0.458986 0.002905 0.439017
15 0.002102 0.427606 0.055893 0.444722 0.120925 0.464691 0.209239 0.496071 0.290328 0.524598 0.327259 0.467544 0.206830 0.439017 0.045456 0.406211 0.001299 0.404785
15 0.558482 0.742828 0.747153 0.802735 0.992827 0.875478 0.993630 0.742828 0.735913 0.677216 0.571327 0.630147
15 0.819410 0.591636 0.845102 0.685774 0.993630 0.718580 0.993630 0.634426
15 0.589793 0.453280 0.760802 0.486086 0.702193 0.306367 0.606653 0.296382
17 0.002905 0.439017 0.059105 0.453280 0.124939 0.474675 0.193182 0.506055 0.284708 0.534582 0.291933 0.527450 0.182745 0.490365 0.099248 0.461838 0.002905 0.430459
17 0.571327 0.630147 0.739927 0.678643 0.939036 0.728565 0.990419 0.742828 0.991222 0.717154 0.822622 0.680069 0.674896 0.641558 0.569722 0.610178
18 0.218070 0.510334 0.164279 0.573093 0.177125 0.587357 0.233325 0.518892
18 0.792113 0.580225 0.818607 0.677216 0.843496 0.685774 0.821819 0.590209
19 0.182745 0.577372 0.238142 0.608752 0.284708 0.533156 0.230916 0.517466
19 0.580159 0.533156 0.570525 0.610178 0.815396 0.675790 0.790507 0.584504
