13 0.013030 0.445932 0.061219 0.426323 0.137517 0.433454 0.192733 0.474454 0.281078 0.827408 0.323243 0.989624 0.000804 0.996754 0.000983 0.533279 0.022066 0.478019
13 0.542157 0.299869 0.511816 0.314922 0.494861 0.324429 0.486383 0.332352 0.492630 0.341859 0.543049 0.373550 0.765579 0.492812 0.996876 0.638452 0.993864 0.536844 0.769904 0.433791 0.640063 0.371202 0.549041 0.324458
14 0.372950 0.383574 0.279251 0.421603 0.219462 0.450124 0.264973 0.589563 0.366704 0.533312 0.485836 0.465177 0.567489 0.429525 0.597383 0.415264 0.526885 0.373274 0.496991 0.355845 0.425154 0.367729
14 0.118063 0.364721 0.100604 0.387662 0.096413 0.416183 0.131682 0.417424 0.165204 0.427964 0.156474 0.351700
14 0.202917 0.385182 0.259486 0.346120 0.197679 0.349220 0.195584 0.329999 0.222471 0.322558 0.255645 0.322558 0.301039 0.320698 0.347482 0.292797 0.387988 0.296517 0.359703 0.319458 0.423256 0.324419 0.467254 0.330619 0.452937 0.356660 0.352021 0.350460 0.325134 0.344880 0.266469 0.396962 0.211646 0.442225 0.206409 0.437885 0.204663 0.424864
14 0.501132 0.311999 0.429548 0.279138 0.383804 0.285338 0.431294 0.313859 0.454341 0.326260
14 0.332124 0.272317 0.344695 0.279758 0.362154 0.289058 0.324791 0.297119 0.270666 0.310759 0.198035 0.331220 0.192797 0.304559 0.229462 0.293398 0.279396 0.281618
16 0.492752 0.353542 0.356218 0.384543 0.217938 0.452747 0.203272 0.374003 0.198733 0.331220 0.291269 0.306419 0.361805 0.291538 0.385899 0.284718 0.429548 0.311999
17 0.439415 0.488316 0.420210 0.500717 0.675620 0.798886 0.855323 0.994972 0.921582 0.994972 0.725247 0.793551 0.532048 0.589939
18 0.674828 0.464762 0.690444 0.472684 0.598083 0.538442 0.532494 0.589939 0.517261 0.571378 0.604714 0.507205
19 0.440516 0.490567 0.537339 0.442239 0.599806 0.416887 0.676104 0.464423 0.607837 0.505620 0.516368 0.571378
