13 0.175666 0.551105 0.001987 0.665191 0.000804 0.994972 0.555149 0.996754 0.322239 0.488714 0.208502 0.213123 0.169581 0.231772 0.122011 0.252614
13 0.634281 0.273170 0.482732 0.184505 0.644757 0.180785
14 0.227026 0.244915 0.260044 0.324141 0.440750 0.263137 0.543820 0.240161 0.463060 0.192625 0.354190 0.210847
15 0.612533 0.282943 0.542481 0.238577 0.355974 0.290866 0.260044 0.321764 0.518004 0.866625 0.582255 0.998537 0.928609 0.996754 0.663573 0.670539 0.417424 0.367658 0.478586 0.329263
17 0.755934 0.994972 0.556587 0.695897 0.401519 0.457852 0.301436 0.305371 0.312556 0.298789 0.479362 0.557677 0.682618 0.856056 0.779024 0.996754
17 0.556424 0.304196 0.564168 0.297574 0.733401 0.429996 0.997147 0.637097 0.998884 0.650931 0.738907 0.447184
18 0.409581 0.357947 0.416914 0.373448 0.373266 0.392049 0.363837 0.377168
18 0.721067 0.365822 0.735696 0.375499 0.702997 0.406567 0.689515 0.393835
19 0.354060 0.289744 0.408185 0.357327 0.364187 0.377788 0.315300 0.303384
19 0.564168 0.300121 0.615799 0.284332 0.720207 0.367350 0.688368 0.393325
