13 0.461984 0.302958 0.442359 0.292656 0.293831 0.360804 0.072320 0.477259 0.000804 0.520049 0.000804 0.541445 0.245522 0.409420 0.398682 0.332616
13 0.306083 0.998571 0.485722 0.744701 0.662351 0.504006 0.814247 0.307710 0.864202 0.241939 0.886406 0.252216 0.870512 0.329708 0.999587 0.359332 0.999200 0.467265 0.803096 0.421025 0.795959 0.423402 0.790607 0.428949 0.781240 0.452721 0.753586 0.505021 0.725486 0.580300 0.624215 0.857026 0.569019 0.998571
14 0.761634 0.363819 0.720421 0.346703 0.685631 0.331488 0.639065 0.314372 0.596513 0.301535 0.529341 0.284419 0.588485 0.255892 0.641741 0.270156 0.718280 0.289649 0.800171 0.319602
15 0.000264 0.918201 0.248146 0.686420 0.466924 0.497430 0.647567 0.361927 0.686423 0.332696 0.709825 0.340767 0.743857 0.355686 0.760870 0.364248 0.566288 0.610040 0.426714 0.805340 0.283271 0.998775 0.000201 0.998775 0.000201 0.948511 0.000201 0.978821
15 0.739468 0.297026 0.800290 0.319069 0.863546 0.239972 0.845056 0.222683
17 0.724603 0.350063 0.655959 0.413892 0.578483 0.486636 0.474067 0.591637 0.098799 0.998571 0.080050 0.998571 0.320907 0.740855 0.453732 0.597667 0.586378 0.466816 0.719154 0.347398
17 0.001299 0.633158 0.205121 0.509381 0.367298 0.410488 0.519305 0.325858 0.507530 0.321104 0.221282 0.489097 0.000804 0.623174
17 0.772707 0.307258 0.855980 0.231628 0.852992 0.229638 0.766172 0.307258
18 0.506002 0.335506 0.564711 0.359873 0.571736 0.353930 0.515369 0.330157
19 0.571402 0.353336 0.636800 0.313818 0.576951 0.296961 0.516371 0.329378
