13 0.580536 0.999495 0.591250 0.880589 0.624617 0.797166 0.660708 0.740445 0.713848 0.687757 0.768843 0.644947 0.785527 0.635068 0.826309 0.595552 0.864620 0.579087 0.936945 0.567437 0.979118 0.574572 0.999200 0.579923 0.999200 0.998571 0.635531 0.998571
13 0.001267 0.598985 0.081596 0.540808 0.120525 0.503488 0.143805 0.466167 0.145658 0.424455 0.137626 0.400307 0.099516 0.381646 0.055026 0.370670 0.000201 0.375060 0.000201 0.393721 0.046993 0.399209 0.053790 0.434334 0.056879 0.458483 0.033198 0.471655 0.064294 0.488120 0.064912 0.536418 0.000201 0.571543
14 0.880649 0.553465 0.815767 0.441804 0.839866 0.443999 0.885592 0.453565 0.956652 0.461562 0.984270 0.510001 0.998053 0.542109 0.999200 0.556378 0.932554 0.554183 0.901040 0.551988
14 0.062229 0.362623 0.099716 0.375307 0.142112 0.391162 0.217086 0.349146 0.302324 0.308715 0.361232 0.280969 0.297351 0.274931 0.229581 0.296031 0.131847 0.327741
14 0.663142 0.710432 0.436451 0.639863 0.224506 0.570710 0.140469 0.537780 0.164568 0.494971 0.171983 0.453259 0.220181 0.425818 0.312250 0.451064 0.489592 0.490580 0.653958 0.530096 0.761476 0.555343 0.760858 0.617910 0.697830 0.648645 0.678057 0.677184
14 0.769451 0.559114 0.642001 0.470542 0.519410 0.387208 0.473684 0.353180 0.388125 0.372698 0.239966 0.407022 0.209173 0.410193 0.179719 0.380068 0.214529 0.370555 0.323419 0.350736 0.422046 0.333295 0.427847 0.330124 0.358229 0.281766 0.399286 0.278595 0.455070 0.304756 0.489879 0.325367 0.538969 0.316647 0.583150 0.307927 0.636218 0.326729 0.539973 0.345118 0.543097 0.350668 0.689051 0.434358 0.842795 0.522509 0.809616 0.541121
16 0.816702 0.573670 0.468815 0.483662 0.327312 0.452927 0.179630 0.417801 0.141937 0.391457 0.360061 0.281690 0.369948 0.277300 0.406405 0.280593 0.563356 0.308035 0.580040 0.308035 0.633181 0.325597 0.709184 0.342062 0.722161 0.395848 0.770976 0.422192 0.816702 0.444145 0.879111 0.555010
17 0.000804 0.876567 0.000804 0.815098 0.160488 0.663620 0.250704 0.578001 0.279128 0.588978 0.211776 0.657034 0.100551 0.771191
18 0.522377 0.881013 0.313522 0.795395 0.153867 0.720479 0.176962 0.695507 0.392847 0.788260 0.525390 0.838204
19 0.537704 0.839560 0.309693 0.752844 0.182402 0.688081 0.281887 0.594779 0.618651 0.699058 0.576633 0.756137 0.546973 0.814313
