13 0.003074 0.841290 0.170875 0.998571 0.998266 0.998571 0.999200 0.875912 0.776827 0.807414 0.566078 0.750360 0.248949 0.629121 0.002071 0.504316 0.002071 0.500750 0.002071 0.506099
13 0.474921 0.284812 0.572818 0.291212 0.652997 0.298678 0.691435 0.299211 0.688732 0.277346 0.683627 0.245882 0.686630 0.196818 0.653898 0.191485 0.558404 0.187219 0.532278 0.240015 0.498344 0.241615
14 0.454342 0.299178 0.373281 0.403420 0.229465 0.609309 0.373369 0.675491 0.551636 0.747521 0.588275 0.456167 0.601841 0.312242 0.525311 0.301163
15 0.602533 0.311489 0.712703 0.328922 0.738573 0.398654 0.764889 0.476311 0.590044 0.451746 0.596735 0.366958
15 0.578144 0.549229 0.555652 0.746095 0.813509 0.820276 0.999069 0.871633 0.999785 0.621318 0.578947 0.530683
15 0.001381 0.497872 0.238241 0.610802 0.329697 0.474989 0.187237 0.442296 0.002611 0.407998
17 0.007230 0.442310 0.144605 0.482134 0.276553 0.529265 0.279694 0.522443 0.203946 0.495157 0.079145 0.452947 0.012510 0.431612
17 0.570915 0.627690 0.999069 0.731829 0.998266 0.720417 0.817787 0.674045 0.570915 0.613424
18 0.157404 0.572482 0.212905 0.509227 0.225123 0.516048 0.171366 0.579303
18 0.791577 0.578876 0.817956 0.673116 0.843189 0.677192 0.813967 0.580310
19 0.173637 0.579431 0.232795 0.609459 0.282022 0.540018 0.226034 0.516371
19 0.580434 0.534580 0.793211 0.578692 0.815635 0.674264 0.569615 0.614350
