13 0.044308 0.230090 0.066648 0.220049 0.110829 0.259992 0.129888 0.287016 0.199191 0.444020 0.326770 0.700983 0.443392 0.914787 0.495461 0.998571 0.000201 0.998571 0.000201 0.654620 0.097173 0.600942
13 0.414101 0.248258 0.550661 0.298901 0.681598 0.354537 0.714533 0.296048 0.738230 0.301754 0.733008 0.222580 0.700475 0.251824 0.670753 0.238272 0.519734 0.251111 0.476357 0.238272
14 0.459966 0.285655 0.327905 0.333587 0.265891 0.290790 0.344613 0.266253 0.393453 0.256553
14 0.233715 0.305594 0.282449 0.352195 0.186857 0.396894 0.156332 0.329370
15 0.186821 0.397543 0.276789 0.354746 0.427115 0.506207 0.583622 0.661395 0.812560 0.875380 0.946108 0.998571 0.519359 0.998571 0.377779 0.771954 0.249252 0.524088
15 0.464310 0.285311 0.523753 0.309848 0.391371 0.376041 0.329999 0.334956
17 0.237566 0.373882 0.296335 0.453521 0.386157 0.567774 0.549226 0.767850 0.686589 0.925842 0.754065 0.998571 0.728360 0.998571 0.439978 0.660501 0.283081 0.447815 0.231122 0.376971
17 0.476590 0.336873 0.588247 0.396789 0.706671 0.459355 0.856754 0.550072 0.999200 0.636430 0.999200 0.647130 0.705559 0.467591 0.472255 0.338580
18 0.637088 0.374049 0.625574 0.366441 0.588890 0.397350 0.602278 0.405434
18 0.336900 0.415808 0.329671 0.407249 0.280938 0.433402 0.287900 0.442437
19 0.237498 0.373867 0.281197 0.433783 0.329395 0.407534 0.277342 0.355036
19 0.528646 0.313093 0.623167 0.367303 0.588626 0.397261 0.476968 0.336394
