13 0.661602 0.242220 0.739521 0.256486 0.791734 0.304989 0.817440 0.306416 0.995769 0.339227 0.996573 0.677324
13 0.000496 0.680177 0.248712 0.359199 0.307352 0.289297 0.353140 0.230807 0.390894 0.223674 0.407763 0.200849 0.419812 0.186584 0.439091 0.190863 0.430255 0.209409 0.362779 0.316402 0.142678 0.665911 0.000804 0.922694
13 0.337696 0.252166 0.217268 0.246460 0.234930 0.374831
14 0.361976 0.309269 0.695340 0.342080 0.639913 0.263618 0.405353 0.242220 0.365189 0.307842
15 0.444714 0.182304 0.485682 0.179451 0.483272 0.215115 0.467206 0.252206 0.265581 0.995449 0.002103 0.995449 0.002103 0.969771 0.002906 0.919841 0.067973 0.804289 0.253532 0.479031 0.434272 0.207982
15 0.509507 0.329188 0.698179 0.339173 0.741533 0.410490 0.507099 0.387668
17 0.627864 0.399143 0.637503 0.400569 0.854391 0.991170 0.835915 0.994023
17 0.402140 0.310695 0.410173 0.310695 0.117776 0.994023 0.099301 0.992596 0.292893 0.544653 0.402943 0.306416
18 0.708193 0.584597 0.831096 0.587450 0.840735 0.615981 0.719439 0.608849
19 0.639110 0.400569 0.742734 0.416262 0.831096 0.586023 0.708193 0.581744
