13 0.921042 0.288427 0.860621 0.350452 0.760155 0.458377 0.590657 0.636427 0.265324 0.998571 0.552501 0.998571 0.714163 0.998571 0.880846 0.475939 0.926487 0.292763
13 0.910402 0.397002 0.897228 0.491726 0.999200 0.534428 0.999200 0.431002 0.970213 0.418520
13 0.865873 0.266256 0.889971 0.276180 0.777860 0.335723 0.650032 0.405190 0.357387 0.576960 0.000804 0.821523 0.000804 0.735930 0.370775 0.519105 0.666181 0.359390 0.821599 0.283519
13 0.662676 0.271475 0.585789 0.287779 0.482343 0.312564 0.324567 0.363241 0.000804 0.482715 0.000804 0.461317 0.307531 0.353463 0.467743 0.305119 0.508138 0.291450 0.463803 0.268606 0.508558 0.256379 0.452330 0.214491 0.474418 0.212053 0.631818 0.258184
14 0.757565 0.346264 0.827067 0.380377 0.784108 0.423794 0.703779 0.377276
14 0.607960 0.282590 0.542644 0.299997 0.558959 0.308269 0.595107 0.321108 0.666332 0.357723 0.719178 0.330968 0.701142 0.318730
15 0.706152 0.379230 0.784036 0.423268 0.706909 0.501736 0.525120 0.692590 0.244238 1.000000 0.000804 1.000000 0.000804 0.837929 0.328583 0.606113 0.513624 0.488447
15 0.746781 0.319134 0.719670 0.331259 0.701796 0.318420 0.608615 0.282400 0.643959 0.275267 0.725694 0.309504
15 0.826798 0.379837 0.919177 0.286753 0.894877 0.276767 0.762533 0.348096
17 0.597929 0.322616 0.513345 0.355801 0.343270 0.422410 0.186454 0.491258 0.184707 0.485675 0.351303 0.413727 0.593507 0.320434
17 0.745269 0.401264 0.642918 0.476927 0.471006 0.607285 0.171499 0.864362 0.007267 0.998571 0.000804 0.998571 0.000804 0.989501 0.481833 0.587437 0.620722 0.484811 0.741353 0.399063
17 0.795855 0.364438 0.909274 0.282562 0.906764 0.280185 0.791749 0.361902
17 0.696268 0.294264 0.819634 0.259323 0.815778 0.257041 0.692230 0.293276
18 0.523970 0.351307 0.516205 0.355111 0.572703 0.387446 0.580736 0.382691
18 0.728558 0.414274 0.768321 0.439239 0.763702 0.444945 0.722132 0.417841
18 0.789409 0.332815 0.815115 0.345179 0.812615 0.347715 0.786731 0.335351
18 0.723103 0.284607 0.689007 0.272560 0.684723 0.274146 0.718997 0.286509
19 0.596647 0.322541 0.525728 0.351480 0.582647 0.383679 0.651042 0.350257
19 0.745258 0.401341 0.727988 0.414180 0.768353 0.438432 0.783616 0.423096
19 0.786843 0.335272 0.763748 0.348825 0.791261 0.362377 0.812548 0.347398
19 0.685258 0.273829 0.718175 0.286444 0.691064 0.292507 0.659936 0.279668
