13 0.001121 0.684698 0.003531 0.914268 0.342551 0.339196 0.431556 0.208584 0.446658 0.180636 0.455654 0.147556 0.484910 0.104789 0.478201 0.106043 0.439324 0.146698 0.390667 0.233067 0.344765 0.238770 0.202467 0.412323 0.047101 0.604324
13 0.417791 0.429126 0.500565 0.427886 0.500215 0.231360 0.503359 0.167504 0.501612 0.130307 0.501962 0.103029 0.501612 0.091870 0.497421 0.081950 0.486594 0.137126 0.490436 0.191683 0.458654 0.298315
13 0.648191 0.246727 0.557715 0.145038 0.532559 0.114644 0.520087 0.081248 0.516282 0.081624 0.524104 0.111267 0.599148 0.203200 0.645232 0.272619 0.660029 0.275621 0.916664 0.748697 0.964861 0.652449 0.999200 0.661360 0.996993 0.328057 0.705800 0.299539
14 0.404738 0.241399 0.367018 0.304635 0.545838 0.318894 0.696368 0.339352 0.653060 0.269917 0.514754 0.251318
15 0.004020 0.937564 0.003016 0.994600 0.253041 0.998165 0.449644 0.316230 0.473839 0.239510 0.487156 0.194482 0.483563 0.141199 0.497269 0.072824 0.492678 0.070003 0.484381 0.104789 0.458986 0.145185 0.447863 0.187178 0.398372 0.266527 0.326804 0.372026 0.102398 0.748539
17 0.093290 0.998571 0.117389 0.998823 0.312249 0.526870 0.410036 0.313930 0.404797 0.307110 0.296178 0.537114
17 0.435223 0.248518 0.440508 0.253396 0.466100 0.197330 0.472466 0.140025 0.490048 0.106933 0.495807 0.072227 0.492776 0.070344 0.486107 0.106933 0.468677 0.139756 0.462614 0.197868
17 0.623462 0.399352 0.638524 0.399352 0.717849 0.618583 0.855413 0.998571 0.827298 0.998571 0.691742 0.597195
18 0.414337 0.239539 0.440372 0.242631 0.444243 0.235759 0.417434 0.232323
18 0.375641 0.379137 0.428087 0.383144 0.423440 0.397992 0.371923 0.391393
18 0.706692 0.585381 0.826252 0.591282 0.839726 0.616121 0.717050 0.616901
19 0.642613 0.404231 0.744596 0.419110 0.824227 0.590837 0.704781 0.588358 0.667061 0.483585
