13 0.999200 0.982685 0.870547 0.827642 0.750857 0.696361 0.638833 0.574781 0.571480 0.511117 0.538125 0.481057 0.520452 0.462031 0.565972 0.456323 0.585787 0.453469 0.662903 0.521013 0.789604 0.630763 0.964188 0.788260 0.999200 0.823935 0.999200 0.927390
13 0.530130 0.415266 0.492411 0.399135 0.453294 0.381763 0.405446 0.368114 0.372965 0.358807 0.349564 0.349501 0.341182 0.342056 0.346421 0.329647 0.348517 0.320341 0.345024 0.307312 0.334197 0.295524 0.322322 0.290561 0.327910 0.297385 0.333848 0.302969 0.336991 0.315378 0.334896 0.326545 0.331403 0.334611 0.328260 0.340195 0.327561 0.347019 0.333848 0.354464 0.349914 0.360048 0.391126 0.375559 0.422908 0.390449 0.441419 0.401616 0.457834 0.412163 0.472154 0.422711 0.501491 0.418988
13 0.661949 0.998571 0.000804 0.998571 0.000804 0.551027 0.045423 0.515353 0.072534 0.488597 0.094625 0.460057 0.166921 0.438653 0.223997 0.401840 0.252421 0.380984 0.272813 0.367812 0.298147 0.345859 0.303090 0.354640 0.288260 0.366715 0.283317 0.380984 0.262308 0.398547 0.268487 0.407328 0.311123 0.418305 0.369826 0.429282 0.409372 0.429282 0.421731 0.425989 0.457825 0.464928 0.518126 0.547830 0.618228 0.703699 0.757340 0.930957 0.797505 0.998571
13 0.557832 0.431870 0.629236 0.421564 0.745267 0.403331 0.794803 0.396196 0.846571 0.388269 0.886289 0.380341 0.906142 0.368480 0.922884 0.350216 0.930024 0.352594 0.919760 0.368449 0.899855 0.382750 0.859067 0.395403 0.744821 0.413637 0.616294 0.439005 0.586840 0.454068
14 0.433338 0.430355 0.454293 0.426632 0.479139 0.421470 0.500443 0.418988 0.513715 0.417747 0.534273 0.416085 0.556276 0.431595 0.587360 0.452690 0.541258 0.459514 0.509825 0.463237 0.489078 0.467835 0.473153 0.472543 0.459881 0.457653 0.444165 0.441522
15 0.815981 1.000000 0.665364 0.756154 0.592272 0.645897 0.516886 0.533935 0.472726 0.472592 0.515032 0.462587 0.626002 0.567080 0.804735 0.763288 0.999200 0.989820 0.999200 0.998571
15 0.470438 0.424274 0.437732 0.402360 0.407609 0.386052 0.377772 0.373311 0.354247 0.363119 0.333591 0.355474 0.325271 0.345791 0.327853 0.337127 0.333304 0.329993 0.335312 0.317252 0.331296 0.304511 0.325271 0.296866 0.319533 0.292280 0.315230 0.291261 0.319533 0.299924 0.322976 0.314194 0.319820 0.324387 0.309205 0.336618 0.302894 0.342733 0.303754 0.349359 0.312935 0.356493 0.331009 0.365157 0.351665 0.373821 0.378633 0.384014 0.397567 0.395225 0.406461 0.405928 0.420806 0.418669 0.432568 0.429880 0.450355 0.426313
15 0.539072 0.418114 0.604245 0.405709 0.697516 0.396196 0.787663 0.385890 0.835861 0.381134 0.871216 0.373444 0.894616 0.361656 0.908936 0.349247 0.919064 0.351109 0.909285 0.363517 0.886584 0.378407 0.847117 0.387713 0.787744 0.397020 0.711606 0.407567 0.646644 0.418114 0.599843 0.424318 0.555138 0.430523
17 0.486909 0.466507 0.517805 0.500534 0.544375 0.531269 0.587147 0.577239 0.645090 0.648315 0.716768 0.740519 0.802659 0.854677 0.911974 0.998571 0.924023 0.998571 0.829207 0.876556 0.722925 0.737152 0.640742 0.632873 0.579343 0.559856 0.532313 0.507752 0.493546 0.465563
18 0.533433 0.507732 0.545770 0.503655 0.556958 0.500598 0.562696 0.507223 0.540319 0.514358
18 0.585460 0.409177 0.592096 0.407316 0.611655 0.422206 0.602574 0.423447
19 0.496138 0.466452 0.507039 0.463904 0.516794 0.462885 0.539171 0.484799 0.556958 0.501107 0.542040 0.504675 0.532860 0.507223
19 0.540406 0.418484 0.583714 0.407936 0.600828 0.422827 0.556472 0.432133
