13 0.370318 0.199391 0.188365 0.203670 0.000201 0.217934 0.000201 0.343452 0.132968 0.350584 0.264636 0.350584
13 0.664459 0.396227 0.767224 0.407637 0.860356 0.604473 0.990419 0.963912 0.993630 0.993865 0.830650 0.998144 0.735913 0.652969
13 0.678107 0.220786 0.620302 0.116663 0.542425 0.005408 0.514325 0.001129 0.559285 0.071020 0.591399 0.139485 0.613879 0.202244 0.620302 0.223639
13 0.546439 0.016819 0.792113 0.110958 0.903710 0.156601 0.998397 0.195112 0.998397 0.223639 0.905316 0.173717 0.792265 0.123795
14 0.263030 0.360568 0.379445 0.186554 0.532790 0.200817 0.773647 0.242181 0.830650 0.309220 0.914950 0.409064 0.613879 0.389095
15 0.276679 0.363421 0.519142 0.380537 0.454913 0.999570 0.001299 0.998571 0.000496 0.835541 0.169899 0.544566
15 0.537607 0.199391 0.381853 0.193686 0.459730 0.100973 0.483816 0.042493 0.470167 0.003982 0.499873 0.002556 0.522353 0.031082 0.536002 0.095268 0.538410 0.143764
18 0.507902 0.518892 0.502282 0.548845 0.340907 0.524598 0.352950 0.491792
18 0.467759 0.165159 0.466153 0.177996 0.399516 0.172291 0.407545 0.159453
19 0.396305 0.384816 0.519142 0.391948 0.503887 0.520319 0.354556 0.493218
19 0.464547 0.173717 0.458125 0.193686 0.389079 0.189407 0.399516 0.170864
