13 0.999200 0.791964 0.605266 0.711719 0.352230 0.640391 0.080643 0.539533 0.000804 0.508434 0.000804 0.831194 0.223704 0.998571 0.664508 0.998571 0.999200 0.998815
14 0.564639 0.252202 0.548993 0.352930 0.531651 0.459540 0.497913 0.660686 0.200864 0.567783 0.282905 0.439819 0.378271 0.302658 0.415888 0.249770
15 0.528396 0.468809 0.550486 0.474158 0.576593 0.475942 0.644873 0.488424 0.699737 0.497909 0.997873 0.555194 0.999200 0.776311 0.652459 0.708549 0.575589 0.688144 0.543458 0.675661 0.496264 0.668528
15 0.564420 0.252762 0.670219 0.264592 0.711363 0.412816 0.545611 0.391940
15 0.198432 0.571966 0.286208 0.432388 0.108638 0.409363 0.002240 0.397480 0.000804 0.497340 0.190203 0.571270
17 0.516317 0.549486 0.755875 0.593868 0.855126 0.612255 0.999200 0.639024 0.999200 0.652246 0.842241 0.621627 0.693403 0.592700 0.514657 0.558301
17 0.246527 0.498932 0.089823 0.462042 0.001848 0.443629 0.000720 0.434442 0.133756 0.464475 0.250421 0.491151
18 0.736034 0.505321 0.756116 0.593768 0.781018 0.596621 0.758526 0.508174
18 0.809326 0.288328 0.844201 0.334952 0.858307 0.336344 0.820690 0.289024
18 0.128097 0.545823 0.180213 0.481105 0.194319 0.485281 0.141812 0.550694
19 0.528515 0.471363 0.735803 0.505461 0.755395 0.593143 0.515584 0.547910
19 0.140715 0.553084 0.198649 0.572537 0.246116 0.499048 0.193781 0.486079
