13 0.349687 0.463787 0.367210 0.510524 0.545115 0.387623 0.464803 0.328336 0.356524 0.240707 0.294282 0.256773 0.379614 0.372804 0.387646 0.447778
14 0.366749 0.509633 0.428590 0.839519 0.464730 0.998036 0.659891 0.990895 0.741810 0.949481 0.811682 0.682431 0.546650 0.388247
14 0.716631 0.279755 0.747233 0.263158 0.862891 0.309418 0.855482 0.340091 0.804617 0.318453
15 0.999614 0.899499 0.538031 0.376101 0.711390 0.277451 0.735809 0.292399 0.607709 0.403442 0.778643 0.577125 0.999208 0.789537
15 0.000366 0.693950 0.139575 0.606762 0.147466 0.671903 0.000804 0.772119
15 0.746878 0.264960 0.798279 0.235990 0.845319 0.219669 0.850597 0.229870 0.817095 0.241295 0.770972 0.273936
16 0.607085 0.408936 0.737446 0.289459 0.999208 0.402900 0.998209 0.798802 0.811883 0.610295
18 0.151510 0.702424 0.099307 0.992324 0.137054 0.995180 0.179620 0.683859
18 0.140519 0.608397 0.149530 0.673879 0.177345 0.655767 0.163633 0.593071
19 0.178013 0.686715 0.368355 0.531054 0.463927 0.993752 0.138660 0.998571
19 0.163099 0.592868 0.348087 0.466580 0.367577 0.518857 0.176643 0.653956
