13 0.730647 0.210495 0.750554 0.216698 0.780591 0.199951 0.809230 0.188787 0.843108 0.176382 0.883971 0.163977 0.880827 0.161496 0.822851 0.174521 0.793164 0.183204 0.755793 0.199331
13 0.888561 0.263182 0.878553 0.242134 0.870389 0.258505 0.872496 0.275343 0.891985 0.294520 0.933598 0.321648 0.973895 0.344099 0.999168 0.358429 0.999200 0.289402 0.996577 0.270074 0.988285 0.275596 0.987766 0.284800 0.908578 0.274408
13 0.397354 0.450979 0.476129 0.406802 0.554049 0.345135 0.463679 0.277373 0.391653 0.227330 0.360040 0.208003 0.328945 0.216286 0.289039 0.233773 0.353303 0.326730 0.402428 0.396848 0.373514 0.407722
14 0.379248 0.473068 0.495336 0.394837 0.553563 0.351474 0.695144 0.490564 0.997382 0.825808 0.995374 0.875738 0.875884 0.854339 0.763423 0.877521 0.676065 0.920318 0.614814 0.963115 0.577662 0.998571 0.505301 0.998571 0.433005 0.707759
14 0.723034 0.232035 0.749458 0.216643 0.812664 0.240669 0.863398 0.260942 0.869740 0.280088 0.886651 0.301486 0.785606 0.260566
15 0.751602 0.218558 0.781289 0.200571 0.816913 0.185685 0.846600 0.174521 0.888162 0.160255 0.890257 0.167078 0.850093 0.181964 0.819358 0.191888 0.797006 0.206153 0.771510 0.225381
15 0.999200 0.826161 0.774426 0.578484 0.625642 0.419080 0.555400 0.350505 0.636256 0.290636 0.679449 0.258363 0.719482 0.231235 0.744161 0.241551 0.896403 0.302763 0.999200 0.358250 0.999200 0.379648 0.888542 0.312129 0.794473 0.271584 0.741836 0.248309 0.698148 0.286427 0.615976 0.362198 0.768838 0.499712 0.931247 0.656756 0.999200 0.724518
15 0.002240 0.675661 0.164906 0.557969 0.372758 0.408180 0.399869 0.450977 0.161894 0.641780 0.000231 0.757689
16 0.615065 0.363272 0.741845 0.250387 0.888883 0.316134 0.827341 0.557742 0.721099 0.458342
18 0.172939 0.656046 0.151853 0.809402 0.126750 0.993072 0.168923 0.989506 0.186997 0.784437 0.202059 0.643563
19 0.200050 0.634647 0.387820 0.497340 0.435013 0.691710 0.503293 0.991289 0.331589 0.998422 0.168923 0.993072
