13 0.396132 0.395352 0.429535 0.295299 0.447208 0.245370 0.461667 0.219691 0.525127 0.218265 0.540389 0.285314 0.561864 0.377333
13 0.140350 0.730403 0.199794 0.740389 0.254418 0.760361 0.279320 0.773200 0.296189 0.793172 0.329124 0.820276 0.356436 0.860220 0.380534 0.901591 0.430338 0.998571 0.000804 0.998571 0.000804 0.818850 0.061628 0.835969 0.072874 0.818850 0.105005 0.803158 0.099382 0.768920 0.125088 0.767493
14 0.200116 0.680395 0.260059 0.578713 0.308257 0.496685 0.337051 0.450544 0.361182 0.412371 0.375554 0.396449 0.432015 0.390570 0.474857 0.386566 0.539728 0.379738 0.560175 0.376712 0.559978 0.453639 0.561105 0.636841 0.562233 0.773991 0.563414 0.888560 0.436846 0.857245 0.358084 0.834281 0.307536 0.776522 0.253852 0.738248 0.187763 0.723153
15 0.561065 0.376611 0.561665 0.550466 0.561826 0.709164 0.562629 0.941695 0.561023 0.998757 0.667860 0.997331 0.651795 0.819010 0.626893 0.617864 0.598301 0.403810 0.646349 0.399010 0.739140 0.388877 0.870231 0.379810 0.911371 0.414474 0.968292 0.472354 0.999103 0.505657 0.999304 0.492325 0.962722 0.452871 0.925986 0.417130 0.884545 0.379266 0.864726 0.361134 0.758558 0.359901 0.682384 0.363279 0.610023 0.366455
15 0.001196 0.478840 0.040381 0.469098 0.086619 0.460051 0.147356 0.446830 0.207701 0.433608 0.227685 0.434999 0.360130 0.412731 0.374629 0.398117 0.387952 0.362627 0.316635 0.382112 0.225726 0.403685 0.152450 0.416906 0.059582 0.443350 0.016086 0.451005 0.000021 0.457268
16 0.597420 0.402242 0.631243 0.643508 0.669976 0.998571 0.999200 0.998571 0.999200 0.506256 0.945231 0.449294 0.896752 0.403244 0.870257 0.379217 0.802612 0.385224 0.713545 0.390229
18 0.047193 0.668653 0.115403 0.572547 0.180230 0.488455 0.220253 0.440402 0.235474 0.437399 0.163882 0.531502 0.091163 0.634615 0.065232 0.671656
18 0.224954 0.436019 0.239453 0.398441 0.252384 0.397049 0.241412 0.433931
19 0.063985 0.672657 0.090479 0.634615 0.129939 0.574549 0.167708 0.525495 0.198712 0.480446 0.233099 0.437399 0.358243 0.414373 0.322165 0.474439 0.262976 0.569544 0.210550 0.659643 0.195894 0.683669 0.151924 0.682668
19 0.242774 0.431964 0.251783 0.396233 0.274906 0.392500 0.351781 0.372768 0.387216 0.364768 0.376706 0.396766 0.361091 0.412232 0.318148 0.421298
