13 0.001236 0.388119 0.000804 0.256161 0.078552 0.240112 0.190009 0.236546 0.334024 0.225680 0.227092 0.387094 0.086952 0.385545 0.049877 0.388837
13 0.498664 0.387975 0.640857 0.384552 0.583423 0.230076 0.564775 0.187279 0.556455 0.154672 0.540103 0.117989 0.527193 0.086401 0.526116 0.064432 0.551961 0.089862 0.577456 0.117773 0.599460 0.147545 0.604000 0.166773 0.615875 0.190963 0.638926 0.220734 0.649403 0.234380 0.743276 0.247245 0.879836 0.395251 0.852725 0.405951 0.743276 0.395251 0.809548 0.527209 0.873811 0.684131 0.929038 0.794690 0.976231 0.912382 0.999200 0.962312 0.999200 0.997976 0.462124 0.997976 0.498272 0.382769
14 0.226359 0.388485 0.336944 0.224555 0.469774 0.222008 0.582585 0.228917 0.637923 0.388217 0.621411 0.391388 0.512520 0.386632 0.417464 0.385047
15 0.464132 0.996193 0.496823 0.385212 0.417642 0.384193 0.324295 0.387195 0.225805 0.388435 0.154883 0.514653 0.001004 0.771509 0.000804 0.998571
15 0.502670 0.224009 0.423776 0.222990 0.341725 0.224519 0.393939 0.147077 0.417464 0.107337 0.437546 0.087467 0.445005 0.067596 0.442012 0.047129 0.440291 0.040506 0.475865 0.042544 0.488775 0.066489 0.500825 0.097568 0.504841 0.129157
17 0.371853 0.386089 0.364222 0.384662 0.325262 0.493081 0.260202 0.674369 0.198173 0.857457 0.151853 0.996193 0.167919 0.996193 0.279741 0.648974 0.325843 0.518102
17 0.428465 0.222137 0.459293 0.121779 0.455443 0.122968 0.423646 0.222233
18 0.322732 0.520621 0.480866 0.534071 0.479718 0.565863 0.311945 0.549560
18 0.433174 0.195328 0.373343 0.193606 0.375836 0.188195 0.434836 0.188687
19 0.479718 0.535702 0.492290 0.383538 0.422243 0.384680 0.372117 0.384680 0.322313 0.521060
19 0.424291 0.222691 0.432697 0.194823 0.372357 0.193828 0.354610 0.223354
