13 0.257033 0.926462 0.334953 0.631079 0.375920 0.489809 0.405499 0.385279 0.432605 0.299762 0.475001 0.301348 0.475001 0.397272 0.476188 0.581350 0.477192 0.843555 0.477192 0.998571 0.237209 0.998571
13 0.000201 0.302403 0.111437 0.303469 0.125093 0.383379 0.207487 0.384454 0.237610 0.352347 0.227416 0.261664 0.328754 0.253980 0.352283 0.233001 0.385753 0.194948 0.403630 0.173089 0.418089 0.156780 0.430941 0.143734 0.452015 0.118034 0.458373 0.097735 0.462155 0.092363 0.454352 0.120495 0.430712 0.157596 0.418160 0.196190 0.397768 0.225827 0.365637 0.277417 0.341538 0.310347 0.299520 0.370719 0.210540 0.513416 0.048780 0.787687 0.000804 0.875662
13 0.948853 0.787627 0.862008 0.655165 0.788813 0.531453 0.716516 0.417295 0.643031 0.314199 0.605009 0.260925 0.586801 0.237142 0.534319 0.169599 0.507007 0.133449 0.542887 0.169599 0.609293 0.238094 0.639818 0.242850 0.684802 0.251412 0.750588 0.263522 0.730814 0.375484 0.760847 0.412184 0.824575 0.412184 0.853494 0.283757 0.999401 0.319765 0.999200 0.503487 0.854565 0.515877 0.844390 0.544416 0.921212 0.658670 0.999200 0.774611 0.999200 0.869148
13 0.447297 0.251196 0.458007 0.216602 0.461172 0.202333 0.462128 0.194497 0.459711 0.174226 0.457900 0.158072 0.458251 0.150443 0.461415 0.136606 0.465722 0.117892 0.468681 0.090854 0.472697 0.100618 0.472909 0.139296 0.474177 0.179852 0.474177 0.212522 0.474177 0.251201
14 0.356104 0.299477 0.425046 0.299761 0.516621 0.302614 0.569237 0.307609 0.645550 0.319738 0.625869 0.291912 0.608197 0.266227 0.570040 0.259092 0.510597 0.253384 0.487301 0.251244 0.439104 0.251244 0.399341 0.248390 0.388898 0.248390
15 0.000201 0.898853 0.132144 0.661414 0.213544 0.521571 0.267978 0.433973 0.307797 0.369361 0.354109 0.302375 0.428637 0.300790 0.363798 0.509837 0.290266 0.760105 0.224557 0.998571 0.000201 0.998571
15 0.445170 0.251810 0.391235 0.248242 0.409692 0.221008 0.423840 0.194309 0.432296 0.159010 0.436101 0.153002 0.444768 0.140235 0.455761 0.122961 0.459988 0.109442 0.463582 0.091417 0.467810 0.090291 0.465485 0.112822 0.460200 0.137230 0.455761 0.154504 0.457663 0.172529 0.460088 0.195241 0.455498 0.220213
17 0.821329 0.998571 0.741043 0.772209 0.688197 0.631347 0.638763 0.499626 0.586796 0.366156 0.592384 0.368637 0.646796 0.504017 0.707970 0.660984 0.756786 0.793802 0.810824 0.948235 0.829979 0.998571
17 0.069901 0.998571 0.163284 0.781130 0.220111 0.652552 0.274487 0.532907 0.305957 0.465917 0.334359 0.405781 0.352720 0.368068 0.383704 0.304874 0.388294 0.304364 0.349277 0.386415 0.288699 0.520832 0.233068 0.644546 0.182847 0.760963 0.109503 0.941239 0.082955 0.998571
18 0.639942 0.488803 0.693941 0.491181 0.741246 0.494352 0.751064 0.511000 0.696172 0.507829 0.647528 0.507829
18 0.367367 0.353829 0.411024 0.355690 0.408579 0.364376 0.363525 0.362515
19 0.640706 0.489409 0.591143 0.364512 0.681317 0.377630 0.714788 0.452149 0.738886 0.493373 0.681763 0.490995
19 0.368162 0.353036 0.392959 0.302162 0.428584 0.302162 0.412867 0.353657
