13 0.545247 0.354612 0.457933 0.294448 0.381795 0.241727 0.349314 0.220018 0.353505 0.216917 0.424754 0.253511 0.501590 0.298790 0.576330 0.342207
13 0.208605 0.430326 0.232704 0.419231 0.252340 0.396247 0.271976 0.334429 0.283132 0.286084 0.295182 0.225058 0.288488 0.229021 0.216638 0.401795
14 0.208001 0.438702 0.156096 0.499057 0.150711 0.554639 0.595429 0.402755 0.562683 0.370665 0.541674 0.378347 0.522519 0.358594 0.494713 0.358594 0.327258 0.400294
15 0.000623 0.607529 0.000623 0.659243 0.258854 0.559924 0.358373 0.520297 0.525278 0.465612 0.652620 0.423858 0.720466 0.397670 0.793195 0.406026 0.912684 0.375712 0.966906 0.363229 0.999037 0.350747 0.942807 0.311516 0.684624 0.358957 0.705230 0.372603 0.595564 0.402375 0.362916 0.475683 0.052724 0.587614 0.110807 0.536038 0.000201 0.606269
15 0.541754 0.354612 0.497049 0.346549 0.452694 0.327941 0.427897 0.311815 0.389828 0.277081 0.346171 0.230562 0.336392 0.218777 0.339535 0.213815
16 0.325025 0.531814 0.000496 0.651646 0.000804 0.998571 0.710602 0.998303 0.809407 0.871338 0.910621 0.787170 0.999200 0.744373 0.997376 0.450499 0.716225 0.399143 0.490502 0.477604 0.550748 0.493296 0.597339 0.496150 0.645536 0.504709 0.674455 0.508989 0.535486 0.531814 0.415796 0.571758 0.322615 0.618835 0.275221 0.647366 0.300123 0.600289 0.321811 0.553212
17 0.331431 0.398228 0.335445 0.396727 0.318543 0.274737 0.316007 0.275112
18 0.272868 0.384623 0.273314 0.392548 0.328652 0.376698 0.326421 0.368772
18 0.686554 0.355254 0.693969 0.351962 0.725483 0.380493 0.714978 0.384883
19 0.560338 0.367466 0.593738 0.355453 0.606421 0.364839 0.682311 0.358456 0.703542 0.373264 0.595006 0.401254 0.569850 0.378729
