13 0.606264 0.998571 0.673741 0.931811 0.745234 0.883294 0.811104 0.863316 0.889023 0.861890 0.945254 0.870451 0.999200 0.883294 0.999200 0.998571
13 0.343446 0.455352 0.316670 0.424434 0.345678 0.406993 0.335860 0.337230 0.251514 0.234964 0.313546 0.216731 0.476882 0.325339 0.494287 0.335645
14 0.459118 0.998571 0.396863 0.761505 0.353227 0.589338 0.339027 0.528017 0.327522 0.479462 0.499068 0.344707 0.647232 0.495158 0.749250 0.600754 0.956500 0.824788 0.867793 0.809665 0.781439 0.798963 0.721135 0.821934 0.652052 0.856182 0.539447 0.938092 0.505307 0.998571 0.477192 0.998571
15 0.000804 0.759148 0.154011 0.632147 0.346801 0.463765 0.314669 0.420956 0.138749 0.563653 0.000804 0.673530
15 0.958506 0.824418 0.706396 0.555489 0.502484 0.348029 0.589643 0.272867 0.660670 0.222895 0.736396 0.250333 0.861798 0.313753 0.999200 0.383118 0.999200 0.394094 0.910309 0.352837 0.801555 0.293563 0.679208 0.237582 0.555040 0.357387 0.787343 0.574566 0.999332 0.781126 0.999200 0.834637 0.999200 0.847123
16 0.999200 0.866319 0.792484 0.643780 0.501265 0.346863 0.501657 0.323636 0.410824 0.262166 0.336674 0.214966 0.458360 0.164752 0.657372 0.222650 0.799100 0.281003 0.999289 0.380420 0.999200 0.756154
18 0.086535 0.998571 0.102600 0.816226 0.115453 0.690653 0.145978 0.663541 0.131519 0.887575 0.127502 0.998571
18 0.113043 0.663541 0.094568 0.597900 0.120273 0.575069 0.140355 0.644990
19 0.127502 0.998571 0.135535 0.839058 0.145978 0.664968 0.333145 0.503720 0.391785 0.747732 0.459262 0.998571
19 0.140714 0.644271 0.123041 0.579582 0.314225 0.420713 0.347963 0.462571
