13 0.001987 0.219542 0.143709 0.207749 0.369400 0.197118 0.319778 0.264857 0.256674 0.351440 0.091364 0.347225 0.001987 0.344324
13 0.539221 0.128044 0.594752 0.169197 0.611274 0.212387 0.537844 0.204238
13 0.522043 0.374073 0.654446 0.392000 0.706355 0.629301 0.636482 0.995803 0.458185 0.995803 0.495932 0.656396
13 0.820185 0.994972 0.720797 0.576062 0.659331 0.367910 0.614657 0.214216 0.579854 0.112014 0.562666 0.072309 0.592115 0.073894 0.625133 0.123014 0.681352 0.223632 0.776013 0.242716 0.916562 0.410280 0.774005 0.394237 0.821189 0.515453 0.930617 0.757886 0.994868 0.959320 0.998884 0.998537
14 0.370643 0.197200 0.483885 0.197200 0.614797 0.215739 0.663788 0.391146 0.531270 0.371181 0.397949 0.368329 0.259006 0.349790
15 0.277355 0.362302 0.388992 0.369432 0.337189 0.509901 0.271350 0.684793 0.221846 0.820277 0.163619 0.991406 0.004999 0.991406 0.000804 0.829190 0.166631 0.536844
15 0.398781 0.374475 0.518903 0.373855 0.508722 0.485143 0.486413 0.681624 0.448733 0.989624 0.173658 0.996754 0.250802 0.778629 0.349895 0.502202
15 0.387587 0.195866 0.418444 0.147080 0.446977 0.102796 0.472094 0.065028 0.500538 0.067999 0.491837 0.095035 0.482133 0.122962 0.462891 0.177925 0.456533 0.196049
15 0.463285 0.195749 0.485772 0.126889 0.503900 0.069846 0.533996 0.073261 0.537209 0.099643 0.537209 0.136721 0.536205 0.202677 0.499541 0.199008
17 0.388702 0.370683 0.361519 0.445278 0.300975 0.596662 0.274409 0.680032 0.224985 0.816058 0.161611 0.996754 0.172654 0.998537 0.231163 0.831416 0.289854 0.663577 0.339882 0.526422 0.398450 0.373257
17 0.456694 0.197686 0.467845 0.164477 0.481613 0.124547 0.496758 0.080135 0.499971 0.067096 0.502954 0.067911 0.500200 0.081357 0.490333 0.111916 0.475418 0.156328 0.462108 0.197480
