13 0.191761 1.000000 0.096169 0.609144 0.068857 0.426544 0.059218 0.362348 0.101792 0.322404 0.092956 0.292446 0.048775 0.236810 0.034316 0.165482 0.039135 0.162629 0.067251 0.222545 0.115448 0.265342 0.198187 0.439383 0.354026 0.751801 0.496208 0.998571
13 0.000804 0.665806 0.000804 0.999570 0.168293 0.998571 0.086402 0.610178
13 0.417875 0.259407 0.469257 0.238012 0.513810 0.252104 0.575457 0.247009 0.629364 0.240897 0.669697 0.238714 0.699385 0.250629 0.679542 0.274518 0.645994 0.309667 0.624776 0.334118 0.556820 0.305591 0.479401 0.280121
14 0.155613 0.332390 0.186941 0.396586 0.276106 0.358068 0.370092 0.316698 0.471306 0.279607 0.403027 0.245370 0.330730 0.271048 0.229516 0.303859
15 0.148715 0.316918 0.115156 0.257690 0.093467 0.240571 0.064549 0.214893 0.058122 0.194921 0.042860 0.167816 0.054106 0.159257 0.074991 0.186362 0.108730 0.213466 0.166567 0.243424 0.229223 0.303340 0.193075 0.316179 0.182891 0.304208
15 0.186138 0.398012 0.234335 0.379467 0.286549 0.449369 0.340370 0.417984 0.483356 0.562068 0.738803 0.807437 0.946855 0.998571 0.518701 0.998571 0.372501 0.760361 0.230319 0.490739
17 0.233325 0.379110 0.346527 0.534582 0.530382 0.765650 0.727884 0.999570 0.752773 0.999570 0.654825 0.892594 0.367402 0.545993 0.238142 0.371979
17 0.108882 0.233623 0.145010 0.259298 0.172308 0.293530 0.193182 0.322057 0.197999 0.317778 0.181942 0.296382 0.155448 0.260724 0.118516 0.233623
17 0.474182 0.342025 0.610667 0.417622 0.780070 0.513187 0.999200 0.644410 0.999200 0.637279 0.850722 0.544566 0.652416 0.430459 0.481407 0.336320
18 0.149007 0.317437 0.150467 0.321068 0.184059 0.309396 0.182599 0.304986
18 0.282939 0.434554 0.290354 0.444431 0.337315 0.418094 0.329282 0.406023
18 0.586980 0.400865 0.601440 0.406572 0.638391 0.373761 0.626342 0.365201
18 0.240924 0.265540 0.245101 0.270105 0.294905 0.254698 0.289443 0.252416
19 0.152270 0.321800 0.155483 0.331073 0.190427 0.318234 0.183599 0.309674
19 0.237831 0.376394 0.281085 0.435652 0.327429 0.407120 0.279849 0.356642
19 0.477733 0.338097 0.586177 0.399439 0.623932 0.368054 0.529947 0.313845
19 0.245291 0.271486 0.272893 0.289593 0.330730 0.269621 0.294292 0.255080
