13 0.865660 0.363975 0.857699 0.362512 0.778086 0.323500 0.763811 0.309359 0.730593 0.294729 0.700396 0.290828 0.689415 0.297168 0.688042 0.304482 0.700945 0.306920 0.730593 0.317161 0.746241 0.332278 0.846169 0.378604 0.863464 0.380067
13 0.998576 0.639468 0.870011 0.565247 0.705288 0.506727 0.596007 0.496736 0.489942 0.489599 0.391107 0.499590 0.364591 0.522427 0.286648 0.540983 0.263346 0.545264 0.211117 0.592366 0.119514 0.645177 0.002199 0.719398 0.002199 0.993443 0.469050 0.994871 0.996166 0.996298
14 0.580170 0.477480 0.662205 0.398964 0.736749 0.333755 0.855869 0.388983 0.848378 0.412937 0.834143 0.479476 0.821407 0.530712
14 0.285205 0.519578 0.306052 0.337197 0.390103 0.321377 0.437973 0.470679
14 0.398648 0.322197 0.410244 0.293539 0.506541 0.292644 0.624012 0.298017 0.673925 0.302495 0.702159 0.332944 0.633591 0.328466 0.491416 0.324884
14 0.310751 0.293721 0.315141 0.239728 0.363099 0.234929 0.379648 0.285322
14 0.307214 0.294406 0.217174 0.302722 0.118850 0.309120 0.058343 0.312319 0.019876 0.341158 0.071669 0.343667 0.178277 0.335350 0.276601 0.330232
14 0.702402 0.289144 0.635697 0.265911 0.538581 0.242096 0.472203 0.230480 0.419885 0.221767 0.375414 0.230480 0.436561 0.242677 0.542178 0.267653 0.671993 0.305988
16 0.577526 0.478180 0.740181 0.326715 0.376644 0.232681 0.298701 0.242672 0.069695 0.308329 0.010234 0.336876 0.244865 0.553828 0.416017 0.486744
18 0.912409 0.446283 0.924945 0.453343 0.923722 0.421299 0.912409 0.417497
19 0.850901 0.411226 0.857250 0.388180 0.911554 0.415477 0.911994 0.445173
