13 0.344649 0.998571 0.352467 0.779604 0.362121 0.627286 0.371004 0.487624 0.394252 0.483492 0.397574 0.799362 0.401884 0.998571 0.375777 0.998571
13 0.382526 0.320410 0.391956 0.217420 0.398941 0.155378 0.397893 0.208734 0.396496 0.271397 0.393353 0.271397 0.392655 0.321031
13 0.088810 0.523619 0.198799 0.373239 0.206214 0.355676 0.214865 0.345797 0.219134 0.337973 0.215991 0.328046 0.204815 0.325565 0.188749 0.323703 0.176874 0.323703 0.133217 0.360929 0.068440 0.426888 0.089861 0.490309
13 0.425244 0.415245 0.590007 0.416201 0.719990 0.409756 0.826272 0.398780 0.873851 0.384510 0.924521 0.358166 0.972100 0.383412 0.956652 0.404268 0.896096 0.428417 0.800937 0.452565 0.736056 0.459151 0.655109 0.464640 0.551299 0.471226 0.425244 0.470128 0.424626 0.437198
14 0.387882 0.461187 0.319911 0.473261 0.227841 0.494117 0.157224 0.513709 0.096174 0.533687 0.138861 0.469968 0.209922 0.367885 0.289015 0.353616 0.348953 0.341541 0.381703 0.336053
15 0.214258 0.998571 0.261759 0.738492 0.298604 0.566507 0.318686 0.473754 0.366080 0.462338 0.341178 0.781979 0.329932 0.998571
15 0.348648 0.341504 0.368556 0.252784 0.386368 0.187640 0.394750 0.153517 0.397893 0.153517 0.389511 0.224245 0.377986 0.336541
18 0.226059 0.337782 0.264128 0.329096 0.342012 0.313586 0.338869 0.318549 0.295561 0.327855 0.224662 0.343986
18 0.356257 0.307537 0.381573 0.301916 0.380599 0.307537 0.355040 0.314023
19 0.210342 0.366321 0.226059 0.343986 0.338520 0.319169 0.331884 0.343986
19 0.354309 0.314023 0.380355 0.306672 0.378408 0.335644 0.348954 0.340833
