13 0.547228 0.393207 0.497834 0.427337 0.405823 0.492953 0.381349 0.438775 0.393198 0.426007 0.389507 0.377005 0.359638 0.337112 0.315419 0.276694 0.298453 0.255672 0.341918 0.241613 0.389312 0.275086 0.450886 0.317979 0.515956 0.366981
13 0.875702 0.296391 0.861717 0.312955 0.894543 0.357816 0.975541 0.394740 0.999200 0.403712 0.999200 0.309159 0.985642 0.313645 0.979815 0.339181 0.905227 0.324688
14 0.858750 0.309220 0.894308 0.357224 0.826130 0.327547 0.784369 0.312363 0.719493 0.285791 0.753068 0.273396 0.795310 0.285904 0.837183 0.300057
14 0.375308 0.238579 0.409688 0.259629 0.464658 0.240304 0.508944 0.227881 0.481557 0.215458
14 0.369641 0.523092 0.418325 0.740800 0.441407 0.865605 0.469734 0.998571 0.697544 0.998571 0.714605 0.973271 0.788643 0.936922 0.840829 0.929790 0.940409 0.939038 0.999200 0.951519 0.999200 0.883767 0.892011 0.772892 0.835811 0.701575 0.657920 0.510750 0.546814 0.395147 0.480552 0.439927 0.412763 0.489964
15 0.000804 0.698342 0.000804 0.780357 0.155565 0.675431 0.147407 0.608140
15 0.183435 0.654374 0.170336 0.593766 0.266679 0.528545 0.383970 0.444275 0.406696 0.495003 0.304145 0.571754 0.234510 0.619798
15 0.999200 0.878418 0.999200 0.801752 0.872167 0.666250 0.790877 0.593149 0.701560 0.496871 0.624782 0.426208 0.576222 0.382728 0.552525 0.396186 0.619149 0.465893 0.763781 0.621676 0.891235 0.766094
15 0.580309 0.385552 0.608213 0.415311 0.644453 0.382383 0.682990 0.348150 0.737965 0.302814 0.714268 0.290046 0.671535 0.319723 0.626666 0.349401
15 0.771254 0.277301 0.750276 0.270400 0.770283 0.258667 0.812233 0.238203 0.831857 0.230715 0.854971 0.224503 0.881194 0.218982 0.886632 0.220708 0.861770 0.227954 0.841180 0.235546 0.815346 0.247279 0.788930 0.263153
15 0.730464 0.260392 0.750665 0.269709 0.770671 0.259012 0.800196 0.243483 0.821756 0.233476 0.838461 0.228644 0.866626 0.221743 0.881582 0.217947 0.871287 0.215531 0.841569 0.221398 0.804080 0.229680 0.770671 0.241067
18 0.170142 0.592386 0.182713 0.655552 0.155380 0.675896 0.147027 0.608950
18 0.157987 0.691288 0.187528 0.677148 0.157229 0.896947 0.145186 0.998571 0.106984 0.998571 0.125825 0.884638
19 0.187877 0.671053 0.373332 0.537483 0.418552 0.748264 0.470737 0.997875 0.146584 0.998571 0.173680 0.757179
