13 0.033180 0.142068 0.060277 0.186641 0.080348 0.245478 0.048234 0.274005 0.086370 0.523615 0.198770 0.867721 0.250955 0.994309 0.519912 0.999658 0.179702 0.343539 0.117480 0.195556 0.078341 0.156332 0.045223 0.124239
13 0.956800 0.988150 0.991925 0.988150 0.995605 0.803535 0.526268 0.410480 0.409854 0.326682 0.339604 0.267846 0.287908 0.286782 0.378168 0.382304
13 0.439974 0.186293 0.460972 0.167641 0.528906 0.170933 0.578930 0.153378 0.570901 0.244444
13 0.230113 0.227918 0.186759 0.179422 0.144208 0.145190 0.088008 0.116663 0.066330 0.089563 0.086402 0.090989 0.166688 0.142337 0.225296 0.180849 0.265439 0.215081
14 0.183716 0.341756 0.282066 0.288268 0.378219 0.252564 0.496417 0.211358 0.436616 0.186641 0.406509 0.165246 0.306152 0.202688 0.185723 0.243695 0.141566 0.256176
15 0.185723 0.338190 0.311170 0.602064 0.467727 0.883767 0.531955 0.992526 0.737687 0.992526 0.407512 0.562840 0.233392 0.315517
15 0.760769 0.990743 0.942416 0.992526 0.509877 0.534313 0.342280 0.356020 0.283070 0.293617 0.242730 0.311498 0.389825 0.517299
15 0.340994 0.268282 0.410808 0.324095 0.565096 0.244096 0.494933 0.211228
15 0.146616 0.257871 0.117713 0.190833 0.099248 0.168011 0.066330 0.142337 0.043048 0.115237 0.051076 0.086710 0.091219 0.118089 0.157053 0.163732 0.204422 0.205096 0.220479 0.230771
17 0.233895 0.313229 0.454680 0.630591 0.680484 0.921209 0.739694 0.992526 0.755752 0.987177 0.494823 0.664467 0.300816 0.397608 0.240315 0.311518
