13 0.360811 0.445930 0.337948 0.411902 0.365137 0.398730 0.357722 0.326284 0.338566 0.302135 0.268124 0.214322 0.323118 0.198954 0.404683 0.251643 0.514055 0.336163
13 0.623793 0.998571 0.697093 0.938092 0.765373 0.902418 0.831645 0.888148 0.911974 0.893499 0.997324 0.913120 0.999200 0.998571
14 0.470163 0.998571 0.408912 0.752586 0.367744 0.579566 0.354017 0.522075 0.344749 0.467191 0.453343 0.393108 0.520237 0.343155 0.667919 0.500121 0.765550 0.608791 0.983266 0.856041 0.838674 0.818584 0.778427 0.816800 0.692073 0.845339 0.617768 0.889932 0.536435 0.964848 0.521373 0.988036 0.515349 0.998571
15 0.000238 0.666968 0.151859 0.552810 0.334608 0.410114 0.364731 0.451139 0.212106 0.579566 0.063497 0.699075 0.000804 0.749019
15 0.981258 0.856041 0.866789 0.724047 0.708219 0.545114 0.596377 0.424371 0.521021 0.343265 0.598230 0.284967 0.647664 0.249841 0.683503 0.223497 0.762009 0.256549 0.828744 0.287284 0.904717 0.336557 0.999200 0.387172 0.999200 0.401441 0.878177 0.328431 0.804027 0.284524 0.736674 0.254887 0.700217 0.241715 0.572308 0.356970 0.709486 0.489788 0.843574 0.624802 0.999200 0.786477 0.999200 0.838204 0.999200 0.863176
16 0.999200 0.859609 0.979515 0.851891 0.784871 0.632358 0.616798 0.446852 0.522257 0.342573 0.525503 0.332594 0.518706 0.316129 0.437141 0.257952 0.351250 0.201971 0.491517 0.161357 0.578644 0.193190 0.675039 0.229413 0.684925 0.222827 0.773905 0.263441 0.999200 0.383358 0.999200 0.718696
18 0.135793 0.668752 0.166668 0.644254 0.153867 0.809665 0.143826 0.998571 0.102657 0.998571
18 0.120324 0.579031 0.143805 0.559273 0.160488 0.620742 0.134536 0.639403
19 0.143826 0.998571 0.155876 0.779342 0.165917 0.645563 0.346657 0.493948 0.388830 0.672319 0.431003 0.847123 0.471168 0.998571
19 0.143187 0.558175 0.335359 0.408892 0.363783 0.451702 0.161106 0.621840
