13 0.002905 0.781340 0.049470 0.775634 0.108882 0.777060 0.185956 0.781340 0.309596 0.804161 0.434039 0.832688 0.564905 0.885463 0.680516 0.948222 0.738322 0.993865 0.003708 0.992438
13 0.257168 0.277543 0.254920 0.310634 0.364109 0.308922 0.448569 0.297512 0.504438 0.277399 0.548267 0.263492 0.591300 0.236106 0.604146 0.208150 0.587125 0.179053 0.572032 0.161936 0.540239 0.152237 0.531889 0.203015 0.358472 0.265204
14 0.863872 0.165160 0.973596 0.200026 0.833988 0.236477 0.734523 0.249948 0.687690 0.253118 0.637734 0.253118 0.628368 0.231723 0.636396 0.214290 0.636396 0.200026 0.632828 0.194479
14 0.366811 0.333729 0.340584 0.399341 0.315964 0.461149 0.280638 0.560042 0.242101 0.667493 0.304724 0.677002 0.362529 0.688413 0.472788 0.709333 0.563467 0.732218 0.656800 0.776791 0.778232 0.833845 0.665832 0.543227 0.595896 0.366659 0.561998 0.276324 0.465655 0.308813
15 0.008693 0.693693 0.012708 0.782840 0.129122 0.781057 0.215429 0.793537 0.323815 0.811367 0.494422 0.852374 0.674061 0.948652 0.751336 0.998571 0.914918 0.996791 0.918932 0.925474 0.763379 0.829196 0.657000 0.781057 0.514493 0.722220 0.287686 0.681213 0.162240 0.668732
15 0.560845 0.279217 0.598544 0.256891 0.622979 0.238287 0.653348 0.295961 0.766189 0.440887 0.925757 0.670885 0.945828 0.704761 0.913714 0.911581 0.822389 0.861659 0.780239 0.840264
15 0.281257 0.315269 0.278169 0.332824 0.314606 0.327338 0.355984 0.332824 0.394892 0.326241 0.446151 0.316366 0.520879 0.293325 0.588813 0.265896 0.622780 0.239563 0.635749 0.222008 0.634514 0.204453 0.621545 0.184704 0.605488 0.171538 0.594989 0.161663 0.580784 0.167149 0.593136 0.185801 0.603635 0.208842 0.595606 0.225300 0.586343 0.239563 0.553611 0.261507 0.514085 0.274673 0.449857 0.294423 0.375129 0.307589
17 0.000201 0.424484 0.000464 0.438748 0.048635 0.431616 0.127629 0.424966 0.240574 0.414043 0.339861 0.404534 0.345481 0.387418
18 0.078153 0.427600 0.028458 0.478867 0.001267 0.512561 0.000201 0.482251 0.054573 0.431322
19 0.002208 0.667319 0.073462 0.651273 0.147726 0.647707 0.203926 0.656622 0.245072 0.656622 0.334390 0.408794 0.078479 0.435538 0.000201 0.517553
