13 0.996039 0.752813 0.878822 0.765650 0.707010 0.809866 0.548045 0.891168 0.405136 0.993865 0.996842 0.995291
13 0.586582 0.139485 0.632345 0.145190 0.643585 0.245034 0.815396 0.316351 0.816199 0.371979 0.709419 0.373405 0.607456 0.347731 0.547242 0.319204 0.531185 0.294956
13 0.997091 0.750517 0.844495 0.777613 0.658166 0.834656 0.407587 0.991524 0.712780 0.991524 0.996288 0.991524
13 0.630108 0.134925 0.607620 0.136066 0.597019 0.195961 0.560396 0.211362 0.545939 0.242736 0.532768 0.303202 0.571640 0.331723 0.679260 0.372224 0.755398 0.391048 0.996288 0.418242 0.993075 0.362625 0.885455 0.346938 0.644513 0.247112
14 0.561693 0.342025 0.614682 0.366273 0.732702 0.396227 0.767224 0.501776 0.824227 0.691480 0.828242 0.712875 0.666867 0.755665 0.529579 0.818424 0.466956 0.849804 0.517536 0.544566
14 0.182745 0.242181 0.270256 0.243608 0.383459 0.237902 0.499070 0.243608 0.491845 0.277840 0.511113 0.306367 0.519945 0.317778 0.370613 0.302088 0.098445 0.310646
14 0.556169 0.366426 0.537936 0.452076 0.498342 0.662101 0.825219 0.690622 0.733824 0.389813
15 0.152236 0.993865 0.268650 0.993865 0.387473 0.895447 0.466956 0.846951 0.519945 0.531729 0.559285 0.344878 0.519142 0.317778 0.478999 0.314925 0.312808 0.304941 0.205225 0.306367 0.099248 0.307793 0.065528 0.313499 0.002905 0.344878 0.001299 0.386242 0.065528 0.337746 0.162673 0.337746 0.274270 0.332041 0.328865 0.336320 0.374627 0.339173 0.462139 0.347731 0.275073 0.732844
15 0.469816 0.838103 0.558358 0.338278 0.520432 0.311341 0.089267 0.308906 0.066409 0.337428 0.463654 0.339622 0.364404 0.551105 0.151572 0.986059 0.261000 0.994972
16 0.065528 0.343452 0.241353 0.333467 0.365796 0.337746 0.458125 0.347731 0.307990 0.648690 0.141799 0.995291 0.003708 0.995291 0.002905 0.391948
