13 0.002304 0.582008 0.153241 0.495001 0.288121 0.436521 0.362786 0.416552 0.422198 0.407994 0.503286 0.413699 0.542626 0.410847 0.622109 0.423684 0.678309 0.446505 0.795526 0.506412 0.999452 0.663310 0.999200 0.998928 0.001004 0.998928
13 0.738305 0.313944 0.720642 0.325355 0.718501 0.335815 0.731882 0.349128 0.754898 0.360538 0.793970 0.389065 0.840088 0.417126 0.923461 0.470888 0.965457 0.500512 0.959899 0.469791 0.962369 0.441264 0.997571 0.457722 0.997571 0.436875 0.954958 0.403959 0.935813 0.397376 0.926549 0.384210 0.882701 0.358975 0.843793 0.339225 0.809209 0.322768 0.791299 0.331545 0.783888 0.342517 0.736952 0.310698
13 0.149758 0.252660 0.149547 0.265046 0.150815 0.274806 0.177225 0.265422 0.187577 0.264296 0.205747 0.258290 0.219691 0.252284 0.227086 0.247780 0.239974 0.241775 0.239974 0.235769 0.236382 0.233892 0.232791 0.199360 0.223283 0.195981 0.218213 0.194480 0.211874 0.190351 0.204057 0.185096 0.191803 0.177964 0.183352 0.180592 0.176802 0.186973 0.175112 0.192228 0.182507 0.198984 0.189901 0.200861 0.197507 0.207617 0.202578 0.216626 0.203846 0.226010 0.203212 0.231640 0.196028 0.239522 0.170886 0.248156
13 0.348147 0.175005 0.346862 0.180996 0.344132 0.191266 0.350073 0.196400 0.359708 0.198397 0.364525 0.196400 0.365970 0.191266 0.369663 0.189839 0.372875 0.189269 0.380743 0.188413 0.388450 0.186986 0.394070 0.187557 0.403865 0.189554 0.407397 0.189269 0.407397 0.166732 0.398566 0.164450 0.390377 0.165306 0.382027 0.163880 0.377371 0.161598 0.369663 0.160742 0.360992 0.161312 0.357941 0.162739
14 0.267970 0.430818 0.360298 0.393733 0.372341 0.379470 0.440584 0.343811 0.414893 0.322416 0.380771 0.296742 0.354277 0.278913 0.333804 0.265362 0.310120 0.251812 0.281618 0.238975 0.271984 0.233270 0.233046 0.244680 0.229433 0.251812 0.181663 0.266789 0.198121 0.296029 0.233447 0.368772 0.250708 0.402291
14 0.967387 0.504124 0.983444 0.579244 0.995755 0.662923 0.873720 0.557374 0.783800 0.504124 0.814844 0.404280
14 0.844985 0.313224 0.838791 0.332786 0.879164 0.355607 0.927564 0.384134 0.921371 0.356015 0.883063 0.334823
14 0.253302 0.206814 0.270965 0.213470 0.275961 0.216957 0.282027 0.218225 0.346255 0.198573 0.338227 0.193185 0.329306 0.190015 0.325560 0.185261 0.290591 0.196354
16 0.270091 0.232393 0.294795 0.242268 0.342966 0.270794 0.395460 0.307002 0.430663 0.332237 0.441162 0.336626 0.499214 0.409040 0.531946 0.406846 0.575177 0.412332 0.614085 0.422206 0.653610 0.440859 0.696223 0.455122 0.781449 0.497912 0.815416 0.406846 0.764775 0.370639 0.724632 0.342112 0.716603 0.325654 0.698076 0.335529 0.689006 0.322650 0.683185 0.306247 0.701651 0.297689 0.726941 0.285565 0.744403 0.278077 0.746812 0.258822 0.734513 0.248851 0.725249 0.242268 0.714133 0.231296 0.694370 0.219227 0.677696 0.201672 0.652375 0.206060 0.631994 0.200574 0.604821 0.197283 0.575177 0.188505 0.548003 0.180825 0.521447 0.176436 0.496744 0.166562 0.469570 0.161076 0.486245 0.176436 0.492421 0.188505 0.480069 0.197283 0.424487 0.203866 0.387432 0.208255 0.368287 0.203866 0.355318 0.199477 0.312704 0.206060 0.283678 0.219227
17 0.203747 0.298636 0.145514 0.319424 0.056939 0.356886 0.000804 0.383630 0.000804 0.374716 0.073666 0.339949 0.134549 0.314690 0.198395 0.293882
18 0.058957 0.353751 0.072873 0.351849 0.062168 0.449792 0.049323 0.537274 0.030054 0.550587
19 0.074479 0.349947 0.060563 0.459301 0.049858 0.539176 0.261277 0.427921 0.233444 0.369916 0.209894 0.324273 0.199724 0.300501
