13 0.488048 1.597714 0.688550 1.484048 0.873628 1.388156 1.041998 1.289980 1.116543 1.258016 1.246355 1.187239 1.326042 1.150708 1.418581 1.107328 1.504694 1.091346 1.557390 1.086780 1.598720 1.084497 1.598720 1.597714
13 0.961247 0.720132 0.857569 0.726220 0.787307 0.730787 0.729899 0.738397 0.716189 0.736875 0.707621 0.730787 0.709334 0.720132 0.726471 0.704911 0.797589 0.650115 0.833577 0.640983 0.860139 0.621195 0.881560 0.586187 0.936398 0.548135 1.048645 0.596842 1.079491 0.627284 1.131759 0.654682 1.167746 0.660770 1.220871 0.688168 1.276566 0.720132 1.299700 0.741440 1.286848 0.741441 1.268854 0.738395 1.120620 0.724698 1.075207 0.736875 1.006660 0.736875
14 1.051666 1.193638 0.998069 1.030048 0.942913 0.866972 0.919185 0.800234 0.908309 0.754571 1.175249 0.747546 1.266207 0.881022 1.310697 0.947761 1.385835 1.072456 1.261263 1.109337 1.116918 1.163782
14 0.730902 0.690622 0.685203 0.660180 0.561675 0.581538 0.421010 0.500359 0.366743 0.469917 0.294353 0.429890 0.379548 0.399230 0.428755 0.380313 0.529543 0.407765 0.651644 0.443280 0.789453 0.500359 0.873709 0.533338 0.917265 0.553633
16 0.988673 0.564446 0.918516 0.535059 0.902094 0.545206 0.613089 0.429993 0.433152 0.379257 0.505983 0.356425 0.604681 0.335634 0.695208 0.319752 0.717002 0.319752 0.748295 0.320744 0.856963 0.340462 1.098202 0.419590 1.139554 0.439444
17 0.375773 0.475370 0.314236 0.505120 0.255036 0.533486 0.236719 0.542999 0.233414 0.532562 0.285423 0.508364 0.342286 0.482074 0.364486 0.468928
18 0.733395 1.299801 0.723508 1.103098 0.714610 0.925715 0.707689 0.790482 0.738338 0.788726 0.754157 0.959084 0.771953 1.159299 0.778873 1.278725
18 0.498016 0.838027 0.382342 0.692256 0.289408 0.578099 0.255433 0.532580 0.271791 0.524277 0.322873 0.588463 0.390489 0.663907 0.470399 0.753247 0.523486 0.813800
19 0.778873 1.278725 0.760089 1.017041 0.739327 0.788726 0.848080 0.774676 0.911355 0.769407 0.975618 0.967865 1.040870 1.155786
19 0.524045 0.815786 0.430724 0.708577 0.351931 0.620229 0.303873 0.561661 0.272570 0.526353 0.377078 0.476291 0.502810 0.548756 0.639719 0.631148 0.710688 0.676811
