13 0.663788 0.995803 0.827346 0.701210 0.959344 0.575110 0.996288 0.546588 0.996288 0.995803
13 0.640784 0.309479 0.660498 0.328926 0.653683 0.402390 0.727426 0.373005 0.853738 0.363930 0.832564 0.342322 0.725966 0.314665
13 0.492729 0.293454 0.463173 0.291173 0.384465 0.388146 0.305758 0.475992 0.249538 0.553571 0.249217 0.591790 0.468313 0.479415 0.497548 0.466295
14 0.491443 0.470802 0.601741 0.421840 0.679487 0.393409 0.773856 0.476834 0.916762 0.613269 0.825658 0.698984 0.742189 0.842101 0.599498 0.628955
15 0.403557 0.519018 0.488890 0.470888 0.739871 0.843451 0.657550 0.996754 0.610365 0.998571
15 0.995834 0.498682 0.939447 0.512645 0.889418 0.540870 0.933256 0.596130 0.997507 0.543841
15 0.561090 0.207373 0.588575 0.211493 0.542350 0.277727 0.521290 0.289452 0.519505 0.254909
15 0.309995 0.293690 0.310798 0.309377 0.427454 0.328273 0.448135 0.304029 0.336900 0.288699 0.317424 0.286203
15 0.213623 0.284054 0.213852 0.300352 0.238864 0.302797 0.265483 0.286091
16 0.313742 0.205671 0.319479 0.282068 0.451423 0.300404 0.461463 0.287162 0.481254 0.285124 0.482688 0.219932 0.449702 0.210765 0.463184 0.196504 0.375125 0.198032
