13 0.000201 1.000000 0.000201 0.718133 0.083445 0.455366 0.129023 0.309702 0.182832 0.158326 0.211745 0.151186 0.217568 0.205453 0.236040 0.385391 0.276999 0.646729 0.348478 0.998571
13 0.999208 0.528198 0.999415 0.450825 0.784376 0.322555 0.666316 0.268288 0.517737 0.178319 0.385997 0.127386 0.338113 0.116053 0.323161 0.121460 0.371057 0.139485 0.417432 0.159312 0.540989 0.218674 0.669988 0.294363 0.732172 0.335408 0.784376 0.366826 0.811682 0.398243 0.946608 0.499637
14 0.752250 0.375752 0.833366 0.432875 0.978733 0.548549 0.949017 0.608528 0.868704 0.767045 0.722535 0.998571 0.430196 0.998571 0.365142 0.785967 0.308120 0.563187 0.406905 0.514632 0.586003 0.438944 0.687197 0.396102
15 0.197289 0.154935 0.210139 0.150651 0.220579 0.242048 0.240657 0.424842 0.286436 0.703317 0.348277 0.998571 0.180423 0.998571 0.170785 0.693320 0.177210 0.424842 0.192470 0.223483
16 0.978733 0.551048 0.999208 0.566756 0.999208 0.998571 0.721732 0.998571 0.769919 0.932344 0.925726 0.659581
17 0.589137 0.435083 0.610074 0.428509 0.494179 0.318168 0.375547 0.215130 0.272323 0.131353 0.266544 0.132539 0.316231 0.176186 0.397914 0.250325 0.466346 0.314923 0.517455 0.368451
18 0.176891 0.445525 0.176891 0.456416 0.242358 0.432412 0.240382 0.421283
18 0.286659 0.418448 0.291289 0.432855 0.406905 0.391103 0.505690 0.358257 0.497659 0.348261 0.421361 0.371110
19 0.176475 0.455842 0.242358 0.433584 0.267964 0.599959 0.306514 0.802746 0.347474 0.998571 0.180423 0.998571 0.174801 0.822739 0.173195 0.597103
19 0.290451 0.432517 0.324986 0.551048 0.398874 0.516774 0.517737 0.466791 0.590018 0.435373 0.508099 0.359685 0.455896 0.371110 0.365946 0.405384
