13 0.538499 0.364051 0.583474 0.529476 0.666198 0.800430 0.720008 0.998571 0.964966 0.995803 0.827629 0.863178 0.712780 0.642136 0.596325 0.403981 0.569821 0.356920
13 0.414936 0.999117 0.972308 0.999117 0.822123 0.868626 0.785179 0.791510 0.993992 0.795794 0.998811 0.574442 0.883964 0.414497 0.842201 0.404501 0.894404 0.495898 0.937773 0.584439 0.942592 0.620141 0.931348 0.645846 0.709685 0.635849 0.613309 0.454484 0.521753 0.265977 0.496856 0.265977 0.491234 0.340237 0.482178 0.439096 0.452683 0.692973
13 0.001325 0.556760 0.000000 0.406721 0.183624 0.332427 0.296073 0.289709 0.403830 0.256642 0.435438 0.268426 0.354181 0.319515 0.270231 0.372200 0.156746 0.445993
14 0.487683 0.335068 0.486216 0.350712 0.484017 0.366356 0.419132 0.359838 0.372942 0.355927 0.306957 0.357883 0.328613 0.339471 0.348748 0.327246 0.404468 0.329854
15 0.491113 0.364051 0.483082 0.418242 0.453366 0.684918 0.417225 0.997229 0.536089 0.995803 0.527255 0.610762 0.515208 0.428224 0.511192 0.369755
15 0.414936 1.000000 0.464730 0.602815 0.487218 0.381463 0.496052 0.268645 0.502477 0.266860 0.507296 0.313987 0.516131 0.419664 0.524965 0.615311 0.531390 0.855228 0.537815 0.996608
15 0.000804 0.531061 0.000804 0.558188 0.148298 0.452510 0.262189 0.375325 0.339500 0.327204 0.393203 0.294976 0.437133 0.268023 0.430489 0.264086 0.392532 0.286024 0.343192 0.313477 0.265995 0.360626 0.214977 0.391661 0.077279 0.479673
17 0.390721 0.384016 0.409996 0.385442 0.311210 0.540884 0.126488 0.853195 0.052599 0.992950 0.000395 0.995803 0.000395 0.970133 0.184314 0.683492
17 0.001325 0.968046 0.000804 1.000000 0.049513 0.998571 0.228611 0.685287 0.353632 0.479865 0.408934 0.385388 0.393289 0.385273 0.334573 0.467803 0.204517 0.652441
18 0.405835 0.390905 0.403222 0.396052 0.465869 0.400758 0.466484 0.395284
18 0.487705 0.389661 0.487705 0.392870 0.513876 0.393673 0.513651 0.390463
19 0.406506 0.390466 0.416715 0.360132 0.471877 0.365965 0.466510 0.395656
19 0.489524 0.361979 0.511184 0.363183 0.513222 0.389603 0.487494 0.388859
