13 0.042245 0.346305 0.037428 0.488939 0.067936 0.607326 0.102459 0.705743 0.097642 0.785619 0.053485 0.986733 0.417982 0.995291 0.356965 0.705743 0.337696 0.664379 0.192379 0.808440 0.092022 0.386242
13 0.290217 0.155440 0.287407 0.170417 0.405828 0.180401 0.490128 0.196804 0.555270 0.207949 0.592202 0.220786 0.625922 0.235050 0.658839 0.242181 0.700587 0.242181 0.747153 0.243608 0.770436 0.225065 0.776056 0.187980 0.773647 0.132353 0.759999 0.132353 0.741533 0.187980 0.624316 0.192259
13 0.353717 0.179681 0.578032 0.214964 0.601167 0.227518 0.642858 0.242512 0.679006 0.248626 0.729588 0.249663 0.780017 0.242530 0.786711 0.222717 0.736728 0.198148 0.590797 0.191015 0.384619 0.160106
14 0.587385 0.227918 0.495056 0.302088 0.434039 0.359142 0.326456 0.463265 0.297553 0.510334 0.328865 0.613031 0.367402 0.678643 0.412362 0.828409 0.442067 0.993865 0.629133 0.991012 0.685333 0.729991 0.739124 0.407637 0.751167 0.249313 0.647599 0.245034
14 0.578590 0.227188 0.495847 0.296439 0.404481 0.385298 0.292531 0.501961 0.350036 0.569959 0.401804 0.650798 0.466117 0.842438 0.505045 0.998571 0.631965 0.998571 0.700928 0.647730 0.729092 0.431473 0.740939 0.342273 0.749476 0.271769
14 0.784801 0.231048 0.867984 0.259104 0.949759 0.292775 0.997317 0.347551 0.880847 0.300516 0.784452 0.265162
15 0.662181 0.885995 0.858950 0.941612 0.847706 0.643562 0.824931 0.403787 0.808123 0.291244 0.752951 0.273263 0.737360 0.396439 0.715629 0.569227
15 0.748142 0.274778 0.811092 0.295661 0.825550 0.376862 0.843559 0.519988 0.869739 0.799353 0.868389 0.997620 0.632768 0.998571 0.684636 0.724640 0.722961 0.471521 0.740458 0.339904
15 0.277445 0.383271 0.366611 0.427495 0.291905 0.508809
15 0.265238 0.190467 0.352203 0.201012 0.474094 0.222100 0.563504 0.243809 0.579491 0.229279 0.487687 0.209409 0.384759 0.193126 0.272368 0.182162
17 0.497337 0.295342 0.485864 0.305529 0.368376 0.274562 0.374572 0.266006
18 0.381438 0.277720 0.394574 0.280916 0.335343 0.325125 0.279278 0.368418 0.277351 0.354157 0.331322 0.313657
18 0.271697 0.359176 0.376626 0.277387 0.392691 0.281191 0.274875 0.371540
19 0.279131 0.368169 0.280202 0.382430 0.368547 0.422835 0.410578 0.375775 0.483931 0.306372 0.393444 0.280703 0.342043 0.320158
19 0.269210 0.378130 0.366294 0.426633 0.484033 0.309247 0.392917 0.284384
