13 0.725882 0.987349 0.741948 0.848324 0.759018 0.727122 0.819265 0.531062 0.864450 0.399166 0.984944 0.470461 0.976911 0.349260 0.892565 0.146069 0.954820 0.153199 0.999001 0.263706 0.996993 0.998043
13 0.860558 0.384016 0.825219 0.542310 0.775425 0.657822 0.736874 0.861751 0.727236 0.970133 0.987454 0.978690 0.991469 0.462450 0.989060 0.261373 0.957737 0.200052 0.924809 0.201478 0.969784 0.339807 0.980225 0.458172
13 0.005214 0.322694 0.004411 0.382590 0.031718 0.389720 0.097575 0.369755 0.128094 0.358346 0.224471 0.301303 0.305588 0.261373 0.391524 0.215739 0.430075 0.197200 0.546530 0.164400 0.658166 0.134452 0.699127 0.121618 0.684670 0.100226 0.470232 0.133026 0.347351 0.171530 0.248565 0.214313 0.082316 0.282764
14 0.189092 0.325224 0.288700 0.470665 0.418833 0.653180 0.574672 0.844250 0.652591 0.941211 0.679100 0.784363 0.710428 0.667439 0.756216 0.569052 0.818872 0.413629 0.622869 0.305261 0.473457 0.236818 0.407587 0.216855
14 0.570624 0.843212 0.398752 0.620744 0.270250 0.442485 0.189936 0.326973 0.268644 0.282764 0.339320 0.249965 0.422043 0.214313 0.505570 0.247112 0.591506 0.285616 0.719205 0.354068 0.780244 0.392572 0.836463 0.433928 0.777031 0.592223 0.711174 0.831804 0.680654 0.968707
15 0.122418 0.370852 0.192305 0.574756 0.283880 0.797196 0.378668 0.992544 0.640542 0.995396 0.650181 0.941211 0.430882 0.670291 0.307979 0.500609 0.187485 0.328075
15 0.121669 0.369755 0.170661 0.522345 0.250172 0.746239 0.323257 0.911664 0.365824 0.984394 0.642907 0.984394 0.650938 0.938760 0.437303 0.667805 0.288722 0.469580 0.218849 0.372607 0.185920 0.326973
16 0.000804 0.406295 0.065175 0.395601 0.113372 0.374213 0.189685 0.607704 0.273026 0.823371 0.352351 0.992696 0.000911 0.994478
17 0.547353 0.272532 0.691142 0.196959 0.827300 0.140636 0.858226 0.124238 0.862645 0.129229 0.768258 0.176997 0.662223 0.231894 0.568640 0.280374
18 0.479566 0.202216 0.539411 0.217901 0.605683 0.244280 0.616929 0.237864 0.544632 0.210059 0.490812 0.195800
19 0.425203 0.217684 0.478622 0.200574 0.606747 0.241925 0.549312 0.271868
