13 0.000804 0.836321 0.195744 0.816712 0.281078 0.836321 0.371431 0.857712 0.469816 0.889798 0.552138 0.929016 0.618397 0.953972 0.694695 0.998571 0.000804 0.998571
13 0.280027 0.254046 0.367034 0.196211 0.428313 0.195008 0.462670 0.181539 0.503273 0.161733 0.496580 0.142718 0.548784 0.132419 0.562170 0.146680 0.549676 0.179163 0.516212 0.206892 0.479625 0.225114 0.443037 0.241752 0.400649 0.251259
13 0.672068 0.114495 0.750151 0.165992 0.812171 0.189760 0.874637 0.217490 0.919922 0.228368 0.997147 0.241532 0.996530 0.206428 0.874823 0.173519 0.828488 0.151579 0.723462 0.104409
14 0.252635 0.790342 0.311722 0.516038 0.359514 0.332900 0.380298 0.265926 0.562152 0.242948 0.623093 0.378915 0.696215 0.562169 0.768276 0.759568 0.455669 0.818805
14 0.445885 0.245720 0.957335 0.237257 0.913744 0.225190 0.832813 0.201056 0.775357 0.180214 0.602991 0.182408 0.544300 0.181311 0.519588 0.208735
15 0.277696 0.256060 0.001540 0.294454 0.000922 0.250575 0.348743 0.201211
16 0.568200 0.248064 0.632451 0.390672 0.767981 0.745408 0.996876 0.686582 0.996876 0.285498 0.940656 0.242716
17 0.000304 0.392849 0.354921 0.345679 0.351832 0.359940 0.000804 0.404916
18 0.103477 0.391143 0.000304 0.529363 0.000922 0.561175 0.121393 0.391143
19 0.123246 0.389789 0.349361 0.362364 0.302408 0.565306 0.250513 0.787993 0.000983 0.809582 0.000983 0.561801
