14 0.615485 0.630147 0.205225 0.600194 0.189168 0.672937 0.578553 0.710022
14 0.587385 0.467544 0.654825 0.488939 0.704602 0.604473 0.616287 0.635852
14 0.211648 0.600194 0.320836 0.461838 0.268650 0.453280 0.152236 0.565962 0.172308 0.591636
14 0.556876 0.470396 0.549650 0.447575 0.348936 0.433312 0.326456 0.458986
14 0.211648 0.600194 0.320836 0.461838 0.268650 0.453280 0.152236 0.565962 0.172308 0.591636
14 0.556876 0.470396 0.549650 0.447575 0.348936 0.433312 0.326456 0.458986
14 0.230896 0.597927 0.189133 0.660675 0.554561 0.703457 0.591506 0.663527 0.590703 0.632153
14 0.619493 0.617151 0.704397 0.612669 0.655061 0.485952 0.591957 0.480247
14 0.151719 0.571281 0.157743 0.584524 0.208513 0.594201 0.318371 0.463307 0.263011 0.459742
16 0.218070 0.600194 0.615485 0.631573 0.586582 0.471823 0.324048 0.458986
16 0.616287 0.631573 0.584173 0.476102 0.323245 0.458986 0.218873 0.601620
16 0.325408 0.457668 0.208643 0.595888 0.620098 0.629894 0.589826 0.476317
17 0.362585 0.694333 0.377839 0.692906 0.279890 0.996718 0.258213 0.993865
17 0.368761 0.684935 0.378399 0.685505 0.272043 0.996754 0.253972 0.998537
18 0.352377 0.762513 0.345631 0.782478 0.548665 0.809288 0.546737 0.781908
19 0.378720 0.686646 0.353984 0.761372 0.545773 0.779626 0.553483 0.705470
