14 0.385902 0.569406 0.522436 0.600779 0.632466 0.622171 0.702339 0.635005 0.723221 0.610762 0.736071 0.593649 0.736874 0.567980 0.609978 0.543736 0.430878 0.513789
14 0.384856 0.566440 0.424692 0.512820 0.584458 0.542694 0.734912 0.566462 0.736519 0.596885 0.704929 0.634914 0.438286 0.580723
14 0.455610 0.379769 0.509615 0.385093 0.394341 0.506894 0.354643 0.468186
14 0.757171 0.408296 0.822152 0.419532 0.861822 0.547014 0.768123 0.542693
14 0.738894 0.403252 0.734878 0.380910 0.542392 0.363322 0.517227 0.380435
14 0.393093 0.570241 0.741533 0.645837 0.739927 0.570241 0.436447 0.513187
14 0.759999 0.413343 0.771239 0.547419 0.861962 0.551698 0.824227 0.414769
14 0.345725 0.471823 0.402727 0.503202 0.501479 0.389095 0.446885 0.380537
14 0.525421 0.383583 0.744200 0.404265 0.742996 0.382157 0.541880 0.361475
16 0.513601 0.384016 0.599537 0.391146 0.752937 0.406833 0.764984 0.553719 0.750527 0.569406 0.722418 0.562275 0.588293 0.533754 0.491113 0.519493 0.399556 0.505232
16 0.508204 0.385144 0.515854 0.382987 0.738282 0.406092 0.754588 0.409981 0.766800 0.561670 0.737798 0.569592 0.414358 0.511307 0.395548 0.507554
16 0.412862 0.502589 0.507809 0.386621 0.752540 0.405942 0.760569 0.566406
17 0.531270 0.599353 0.455775 0.761926 0.346548 0.997229 0.366627 0.997229 0.505570 0.683492 0.544121 0.605058
17 0.346333 0.996754 0.363400 0.996754 0.542179 0.603545 0.533725 0.601293
18 0.692805 0.716705 0.690510 0.733003 0.503780 0.687675 0.510951 0.669849
19 0.544224 0.602110 0.512385 0.669849 0.693092 0.714159 0.704278 0.636743
