14 0.654022 0.610178 0.485422 0.580225 0.328062 0.550272 0.359373 0.488939 0.702996 0.536008
14 0.698518 0.378076 0.705862 0.453037 0.709534 0.532073 0.736617 0.523110 0.773338 0.516592 0.789863 0.514962 0.801339 0.515777 0.783437 0.448149 0.759109 0.381335
14 0.296087 0.449279 0.356678 0.397947 0.401203 0.355577 0.428745 0.361281 0.455827 0.359651 0.398908 0.426464 0.340153 0.502241 0.324087 0.476167 0.312153 0.460686
14 0.335577 0.488345 0.518797 0.515371 0.712105 0.546649 0.684637 0.566887 0.662353 0.588046 0.655615 0.603685 0.653024 0.614724 0.486147 0.577927 0.327561 0.555848 0.335853 0.535610 0.339999 0.517211 0.340518 0.511691
16 0.711024 0.540287 0.352147 0.490365 0.460533 0.357715 0.703799 0.377684
16 0.338776 0.493278 0.553599 0.524240 0.709667 0.547055 0.711044 0.453353 0.703241 0.382465 0.582059 0.367799 0.458122 0.356392
17 0.493450 0.578799 0.481407 0.575946 0.286313 0.998571 0.316019 0.998571
17 0.289092 0.991099 0.313191 0.998229 0.421635 0.745132 0.492191 0.578545 0.481015 0.574205 0.386715 0.792429
18 0.463004 0.649556 0.577309 0.675737 0.641045 0.691632 0.636831 0.709865 0.534642 0.685554 0.454313 0.670594
19 0.491449 0.578495 0.461687 0.649556 0.557819 0.672464 0.639728 0.690697 0.646049 0.652361 0.648420 0.637401 0.653161 0.616831 0.564930 0.597663
