14 0.334501 0.550867 0.471035 0.576536 0.651741 0.610762 0.674229 0.576536 0.683867 0.563701 0.683867 0.542310 0.586687 0.526623 0.491113 0.510937 0.375461 0.490971
14 0.377871 0.492398 0.495932 0.512363 0.680654 0.539458 0.682261 0.560849 0.662182 0.583666 0.651741 0.606484 0.475854 0.575110 0.329682 0.550867
14 0.662050 0.615884 0.487830 0.581651 0.329668 0.551698 0.373022 0.493218 0.683727 0.538861
14 0.703700 0.380836 0.711044 0.455797 0.714717 0.534833 0.741799 0.525870 0.778521 0.519352 0.795046 0.517722 0.806521 0.518537 0.788619 0.450908 0.764291 0.384095
14 0.296087 0.449279 0.356678 0.397947 0.401203 0.355577 0.428745 0.361281 0.455827 0.359651 0.398908 0.426464 0.340153 0.502241 0.324087 0.476167 0.312153 0.460686
14 0.335577 0.488345 0.518797 0.515371 0.712105 0.546649 0.684637 0.566887 0.662353 0.588046 0.655615 0.603685 0.653024 0.614724 0.486147 0.577927 0.327561 0.555848 0.335853 0.535610 0.339999 0.517211 0.340518 0.511691
16 0.353777 0.469580 0.409193 0.413963 0.463807 0.358346 0.570624 0.364051 0.703945 0.382590 0.714386 0.529476 0.683867 0.536606 0.541711 0.518067 0.350564 0.490971
16 0.340926 0.483841 0.435697 0.506658 0.557774 0.519493 0.711174 0.542310 0.703142 0.458172 0.699127 0.375459 0.563396 0.364051 0.455775 0.358346
16 0.710222 0.537435 0.351345 0.487513 0.466153 0.360568 0.698982 0.380537
16 0.338776 0.493278 0.553599 0.524240 0.709667 0.547055 0.711044 0.453353 0.703241 0.382465 0.582059 0.367799 0.458122 0.356392
17 0.479869 0.575110 0.418831 0.710587 0.351367 0.867456 0.289525 0.992950 0.313620 0.995803 0.391524 0.810413 0.494326 0.575110
17 0.475051 0.579388 0.489507 0.577962 0.421240 0.739109 0.305588 0.998571 0.286313 0.998571
17 0.492647 0.580225 0.478196 0.580225 0.290328 0.998144 0.312808 0.992438
17 0.289092 0.991099 0.313191 0.998229 0.421635 0.745132 0.492191 0.578545 0.481015 0.574205 0.386715 0.792429
18 0.463004 0.649556 0.577309 0.675737 0.641045 0.691632 0.636831 0.709865 0.534642 0.685554 0.454313 0.670594
19 0.491449 0.578495 0.461687 0.649556 0.557819 0.672464 0.639728 0.690697 0.646049 0.652361 0.648420 0.637401 0.653161 0.616831 0.564930 0.597663
