13 0.264223 0.433438 0.310011 0.432725 0.327282 0.438429 0.373872 0.439141 0.457415 0.421318 0.504006 0.397077 0.509227 0.371411 0.485128 0.347884 0.462636 0.330773 0.433316 0.307959 0.373471 0.335764 0.309207 0.340042 0.189115 0.379967
14 0.325651 0.459258 0.335291 0.557645 0.349750 0.802899 0.359389 0.922675 0.593951 0.858509 0.635722 0.944063 0.806020 0.867065 0.649378 0.650328 0.525613 0.488427 0.474202 0.422836
15 0.997203 0.865639 0.810036 0.867065 0.635722 0.949767 0.610820 0.906990 0.334487 0.978285 0.336897 0.992544 0.708018 0.992544 0.997203 0.995396
15 0.928391 0.823567 0.723255 0.613781 0.615213 0.504700 0.532875 0.423423 0.489497 0.439108 0.633287 0.625188 0.773888 0.818584
15 0.475936 0.419803 0.511281 0.394708 0.514494 0.374175 0.497143 0.358205 0.496822 0.334820 0.519635 0.351931 0.535701 0.367330 0.552410 0.383871 0.548554 0.403263 0.527347 0.419233 0.486540 0.435773
15 0.560471 0.403466 0.659276 0.389207 0.778163 0.374948 0.860501 0.368531 0.886206 0.377086 0.791819 0.392058 0.539585 0.425567
16 0.538579 0.427563 0.922689 0.377778 0.996993 0.408078 0.994985 0.801982 0.939759 0.826935
17 0.331986 0.535533 0.124828 0.553367 0.123888 0.569516 0.334351 0.549554
18 0.000318 0.858509 0.126435 0.570478 0.106352 0.570478 0.000804 0.791492
19 0.128041 0.569052 0.003531 0.855658 0.001121 0.972581 0.351356 0.905564 0.334384 0.553119
