13 0.532465 0.998571 0.606440 0.962141 0.639146 0.946110 0.696663 0.930079 0.773697 0.916950 0.838581 0.908410 0.930880 0.901757 0.999200 0.901023 0.999200 0.998571
13 0.433876 0.309353 0.427120 0.316264 0.421593 0.322085 0.420160 0.327541 0.429372 0.326814 0.470727 0.324995 0.496727 0.324267 0.519657 0.274795 0.545657 0.224960 0.528665 0.220595 0.492838 0.259517 0.473389 0.289346 0.451073 0.313354
13 0.000201 0.375261 0.020774 0.370069 0.050508 0.361488 0.075573 0.351796 0.111907 0.337725 0.120448 0.331931 0.130540 0.322550 0.313782 0.246713 0.271727 0.245646 0.130242 0.300088 0.000201 0.293921
13 0.419091 0.335743 0.422013 0.342233 0.425422 0.350453 0.431510 0.359106 0.440763 0.356943 0.450990 0.364298 0.461947 0.369490 0.472661 0.374682 0.485323 0.379441 0.497985 0.384633 0.518439 0.391556 0.540841 0.402805 0.569638 0.408867 0.595069 0.406984 0.624562 0.412946 0.640805 0.414894 0.681959 0.419697 0.727619 0.421299 0.999200 0.443621 0.999200 0.417467 0.744733 0.393498 0.693299 0.390896 0.623553 0.386269 0.589568 0.372724 0.510575 0.345939 0.475784 0.333073
13 0.529390 0.301906 0.611697 0.300305 0.657657 0.296035 0.673879 0.292832 0.685294 0.282691 0.682290 0.275752 0.676883 0.266679 0.752582 0.266145 0.815818 0.277571 0.886766 0.256676 0.902837 0.262248 0.887550 0.290804 0.900093 0.301251 0.939291 0.315877 0.999200 0.331029 0.999200 0.392944 0.849499 0.380521 0.761876 0.372882 0.679576 0.368153 0.646810 0.365491 0.590306 0.346211 0.552636 0.334571 0.523156 0.324749
14 0.858001 0.905859 0.804180 0.755895 0.773062 0.661317 0.739264 0.569296 0.720225 0.522734 0.706304 0.486722 0.679740 0.428198 0.621315 0.422499 0.580984 0.414133 0.538552 0.404841 0.516237 0.399384 0.485528 0.390654 0.465922 0.380963 0.446442 0.410817 0.426232 0.445862 0.392596 0.512131 0.358262 0.579476 0.326826 0.643177 0.284125 0.734378 0.230955 0.853403 0.167307 0.998571 0.531019 0.998571 0.640589 0.944247 0.725255 0.925442 0.796120 0.911730
14 0.015877 0.374258 0.096848 0.372405 0.160158 0.370674 0.232234 0.370674 0.303336 0.372837 0.388849 0.378177 0.460681 0.386830 0.465308 0.381638 0.449237 0.372552 0.429513 0.358707 0.418312 0.345728 0.416364 0.337940 0.382410 0.335526 0.298611 0.331360 0.200561 0.333309 0.162414 0.335192 0.124645 0.335575
15 0.419422 0.335216 0.420547 0.327439 0.496613 0.324236 0.544263 0.227888 0.552796 0.228591 0.522801 0.324876 0.570197 0.340631 0.646241 0.364949 0.999200 0.393567 0.999200 0.415985 0.621270 0.384946 0.475728 0.333179
16 0.166856 0.998571 0.226629 0.863951 0.295663 0.708459 0.372098 0.549663 0.414678 0.467128 0.441950 0.418237 0.461187 0.387086 0.385665 0.379195 0.334080 0.376269 0.227965 0.372255 0.142665 0.371314 0.011278 0.373663 0.000804 0.375331 0.000201 0.998571
17 0.726678 0.537486 0.804207 0.541880 0.999200 0.554227 0.999200 0.568072 0.861101 0.559443 0.732513 0.550877
18 0.767897 0.434669 0.798950 0.474754 0.828021 0.513677 0.850065 0.545113 0.868450 0.545335 0.830478 0.495853 0.805167 0.464002 0.781833 0.435575
19 0.681243 0.428626 0.768006 0.434216 0.791471 0.464860 0.825163 0.510589 0.848935 0.544169 0.727304 0.537144 0.706864 0.485461
