13 0.262305 0.998571 0.343639 0.941359 0.406898 0.896779 0.461120 0.873597 0.517351 0.864681 0.565548 0.857548 0.646881 0.868248 0.713153 0.871814 0.782437 0.870031 0.833647 0.871814 0.887869 0.887863 0.999200 0.998571
13 0.060152 0.292780 0.128833 0.284934 0.180244 0.383367 0.213982 0.371954 0.209564 0.328444 0.216392 0.314178 0.245311 0.315605 0.263786 0.334863 0.279049 0.357688 0.299935 0.367674 0.320017 0.384080 0.332468 0.392639 0.343312 0.404765 0.342107 0.415464 0.329656 0.429730 0.311181 0.445422 0.296320 0.456122 0.269811 0.456122 0.226433 0.476094 0.184662 0.503198 0.064168 0.548135 0.065373 0.519604
14 0.554846 0.281876 0.585074 0.288009 0.623544 0.305265 0.587617 0.308700 0.547029 0.315326 0.513112 0.320469 0.477165 0.327602 0.428565 0.340441 0.355649 0.361382 0.342008 0.365958 0.306741 0.368051 0.279128 0.354082 0.263564 0.335656 0.314659 0.320158 0.384161 0.305272 0.442836 0.291627
14 0.314513 0.460783 0.370394 0.445276 0.663301 0.737255 0.569002 0.813546 0.521503 0.826571 0.354014 0.590028 0.290100 0.493890
14 0.969147 0.368326 0.934581 0.386480 0.872996 0.360110 0.828206 0.343683 0.786581 0.330282 0.746173 0.318180 0.791206 0.307370 0.835509 0.320771 0.896364 0.340657
15 0.355509 0.361494 0.430314 0.340793 0.479851 0.327478 0.527780 0.317968 0.613121 0.305822 0.657703 0.311885 0.590227 0.323654 0.520459 0.339149 0.423521 0.364109 0.369969 0.378851
15 0.374553 0.387970 0.796692 0.717698 0.998322 0.491990 0.999326 0.698843 0.913976 0.853982 0.824610 0.827234 0.758338 0.818318 0.740264 0.818318 0.613746 0.682794 0.482452 0.555922 0.369417 0.444854 0.353925 0.432117
15 0.697732 0.316018 0.721831 0.314722 0.738627 0.316451 0.825772 0.342388 0.883950 0.364435 0.934581 0.385185 0.953568 0.392534 0.959410 0.403342 0.964522 0.415014 0.965496 0.420201 0.871778 0.378269
17 0.463867 0.289683 0.475916 0.288732 0.451014 0.278746 0.434681 0.273277 0.415535 0.266382 0.388893 0.257585 0.389830 0.262578
17 0.890661 0.339000 0.911546 0.332152 0.943582 0.319553 0.974822 0.307823 0.996243 0.299264 0.994815 0.310676 0.972858 0.318602 0.934479 0.334136 0.905917 0.343963
