13 0.060955 0.291941 0.129637 0.284095 0.181047 0.382528 0.214786 0.371115 0.210368 0.327605 0.217196 0.313340 0.246114 0.314766 0.264590 0.334025 0.279852 0.356850 0.300738 0.366836 0.320820 0.383241 0.333271 0.391801 0.344116 0.403927 0.342911 0.414626 0.330460 0.428891 0.311984 0.444584 0.297123 0.455283 0.270614 0.455283 0.227237 0.475255 0.185466 0.502360 0.064972 0.547297 0.066177 0.518765
13 0.262305 0.998571 0.343639 0.941359 0.406898 0.896779 0.461120 0.873597 0.517351 0.864681 0.565548 0.857548 0.646881 0.868248 0.713153 0.871814 0.782437 0.870031 0.833647 0.871814 0.887869 0.887863 0.999200 0.998571
14 0.316923 0.460783 0.372804 0.445276 0.665711 0.737255 0.571412 0.813546 0.523913 0.826571 0.356424 0.590028 0.292510 0.493890
14 0.969147 0.368326 0.934581 0.386480 0.872996 0.360110 0.828206 0.343683 0.786581 0.330282 0.746173 0.318180 0.791206 0.307370 0.835509 0.320771 0.896364 0.340657
14 0.554846 0.280925 0.585074 0.287058 0.623544 0.304314 0.587617 0.307749 0.547029 0.314375 0.513112 0.319518 0.477165 0.326651 0.428565 0.339490 0.355649 0.360431 0.342008 0.365007 0.306741 0.367100 0.279128 0.353131 0.263564 0.334705 0.314659 0.319207 0.384161 0.304321 0.442836 0.290676
15 0.355509 0.361494 0.430314 0.340793 0.479851 0.327478 0.527780 0.317968 0.613121 0.305822 0.657703 0.311885 0.590227 0.323654 0.520459 0.339149 0.423521 0.364109 0.369969 0.378851
15 0.374553 0.387970 0.796692 0.717698 0.998322 0.491990 0.999326 0.698843 0.913976 0.853982 0.824610 0.827234 0.758338 0.818318 0.740264 0.818318 0.613746 0.682794 0.482452 0.555922 0.369417 0.444854 0.353925 0.432117
15 0.697732 0.316018 0.721831 0.314722 0.738627 0.316451 0.825772 0.342388 0.883950 0.364435 0.934581 0.385185 0.953568 0.392534 0.959410 0.403342 0.964522 0.415014 0.965496 0.420201 0.871778 0.378269
17 0.464759 0.289049 0.476809 0.288098 0.451907 0.278112 0.435573 0.272643 0.416428 0.265748 0.389785 0.256951 0.390723 0.261944
17 0.890661 0.339000 0.911546 0.332152 0.943582 0.319553 0.974822 0.307823 0.996243 0.299264 0.994815 0.310676 0.972858 0.318602 0.934479 0.334136 0.905917 0.343963
