13 0.088810 0.741402 0.154645 0.742828 0.284708 0.777060 0.358570 0.785619 0.614682 0.792750 0.739124 0.819851 0.876413 0.884036 0.996842 0.966764 0.992827 0.991012 0.002102 0.989586 0.002905 0.898300 0.088008 0.764223
13 0.007722 0.223639 0.178730 0.215081 0.286313 0.133779 0.340105 0.106679 0.415573 0.120942 0.434842 0.092415 0.452505 0.063888 0.506296 0.076725 0.546439 0.120942 0.588990 0.182275 0.626725 0.219360 0.638767 0.247887 0.621907 0.272135 0.573736 0.289251 0.549650 0.294956 0.559285 0.314925 0.458125 0.327762 0.410756 0.313499 0.211648 0.310646 0.001299 0.317778
14 0.429222 0.327762 0.588187 0.324909 0.686136 0.759944 0.335287 0.755665
14 0.623513 0.200817 0.810579 0.206523 0.899696 0.207949 0.996039 0.260724 0.995236 0.266429 0.853130 0.257871 0.642782 0.252166
15 0.586582 0.323483 0.654022 0.296382 0.887653 0.815572 0.779267 0.789898 0.683727 0.752813
15 0.687742 0.274987 0.943050 0.282119 0.993630 0.287824 0.996039 0.266429 0.869187 0.260724 0.692559 0.249313
16 0.660412 0.306098 0.690519 0.274005 0.995605 0.286485 0.995605 0.905162 0.893241 0.837411
17 0.002102 0.394800 0.413402 0.392933 0.407942 0.420889 0.001299 0.416195
17 0.777586 0.205674 0.789789 0.205674 0.735195 0.164025 0.685739 0.131504 0.678353 0.135498
18 0.147590 0.419211 0.174119 0.420451 0.002070 0.678334 0.000804 0.614148
18 0.631145 0.167448 0.728130 0.172012 0.735195 0.177147 0.634035 0.174294
19 0.174376 0.421303 0.408543 0.423680 0.333463 0.748655 0.001066 0.712210 0.001066 0.681900
19 0.637889 0.175435 0.736159 0.178288 0.773411 0.202251 0.658763 0.201110
