13 0.148601 0.479243 0.130074 0.546171 0.216535 0.540685 0.281382 0.527519 0.285705 0.543977 0.338199 0.534102 0.386988 0.528616 0.432689 0.517644 0.501858 0.502283 0.507417 0.490214 0.538913 0.463882 0.548126 0.456326 0.566190 0.454186 0.561764 0.430966 0.540149 0.417800 0.525944 0.405731 0.491360 0.410120 0.461716 0.376107 0.429601 0.370621 0.406133 0.392565 0.355491 0.387079 0.333258 0.366232 0.304232 0.369524 0.298056 0.402439 0.292498 0.446327 0.217153 0.474854
13 0.718250 0.339173 0.696573 0.359142 0.731321 0.395107 0.754011 0.405030 0.780889 0.413712 0.795852 0.414079 0.818239 0.416192 0.837536 0.415683 0.853593 0.414890 0.871434 0.417267 0.891506 0.418060 0.909347 0.418060 0.942799 0.419645 0.966502 0.404159 0.973527 0.377415 0.952452 0.345322 0.899262 0.345322 0.870159 0.357803 0.843062 0.363151 0.817973 0.350671 0.772812 0.341756 0.742705 0.350671
14 0.329234 0.561057 0.338266 0.701908 0.358337 0.926557 0.364359 0.999658 0.713602 0.999658 0.803923 0.994309 0.866144 0.951519 0.645359 0.653769 0.519912 0.518266
14 0.560169 0.427086 0.615968 0.416388 0.664139 0.407117 0.719135 0.401412 0.729572 0.398559 0.758876 0.408543 0.783765 0.416388 0.745629 0.422807 0.696655 0.432078 0.665343 0.437070 0.643265 0.439923 0.619580 0.445628 0.598305 0.449907 0.584656 0.452047 0.567395 0.452760
15 0.868152 0.949736 0.704569 0.732218 0.632312 0.637723 0.570091 0.569971 0.518909 0.516483 0.559052 0.477259 0.624284 0.537879 0.746350 0.641558 0.885244 0.771355 0.993630 0.872626
15 0.166511 0.565920 0.170670 0.591367 0.226417 0.577989 0.262237 0.571406 0.298123 0.562840 0.334252 0.557491 0.359609 0.553532 0.418552 0.541445 0.460702 0.530747 0.491812 0.523615 0.521920 0.512918 0.543998 0.491522 0.560055 0.477259 0.570091 0.455864 0.542995 0.459430 0.522923 0.477259 0.500845 0.502220 0.429423 0.521905 0.316674 0.539889 0.245562 0.551657 0.194920 0.559337
15 0.570606 0.454186 0.562979 0.477008 0.585058 0.469876 0.622390 0.464171 0.662132 0.456326 0.703078 0.447768 0.742417 0.441349 0.779349 0.434931 0.810660 0.429939 0.837957 0.424946 0.805843 0.418528 0.784969 0.415675
17 0.109286 0.666694 0.108216 0.682859 0.164951 0.676203 0.213123 0.666694 0.254871 0.658136 0.293943 0.648627 0.333016 0.641020 0.330875 0.624855 0.219010 0.647676 0.157993 0.659087
18 0.091388 0.685862 0.052248 0.762528 0.001066 0.876635 0.002070 0.928340 0.078341 0.766094 0.112592 0.684673
19 0.361348 0.997875 0.348302 0.837411 0.339270 0.723303 0.333248 0.641289 0.286134 0.651839 0.215661 0.666895 0.172396 0.674819 0.113965 0.682743 0.091388 0.739350 0.037195 0.862372 0.013109 0.908728 0.000063 0.940821 0.000063 0.994309
