13 0.025385 0.995291 0.598625 0.831262 0.740730 0.828409 0.906119 0.862641 0.997644 0.892594 0.996842 0.993865
13 0.293733 0.370949 0.323995 0.386310 0.341905 0.401671 0.353639 0.420323 0.348080 0.431295 0.322760 0.442267 0.264089 0.445558 0.143661 0.453238 0.118340 0.441169 0.000999 0.443364 0.003470 0.363269 0.105371 0.350103 0.166511 0.343520 0.164659 0.293049 0.174540 0.293049 0.205419 0.343520 0.227034 0.359977 0.227034 0.334742 0.239386 0.347908 0.255443 0.358880 0.261619 0.375338
14 0.145010 0.453280 0.128070 0.646100 0.114502 0.965338 0.539213 0.846951 0.636359 0.832688 0.431630 0.564535 0.325653 0.444722
14 0.337664 0.394530 0.433685 0.391678 0.522321 0.397383 0.537735 0.399665 0.551545 0.398524 0.596183 0.417922 0.461946 0.414499 0.356932 0.416781
14 0.998189 0.559453 0.857380 0.496913 0.766595 0.466192 0.680775 0.439250 0.742136 0.432118 0.832458 0.461664 0.901846 0.482650 0.999424 0.521052
15 0.707293 0.768386 0.997325 0.625752 0.998329 0.716681 0.841772 0.841486 0.730376 0.827223 0.634033 0.829006 0.428348 0.556134 0.329951 0.443893 0.356377 0.429291 0.495444 0.550530
15 0.644432 0.436185 0.763886 0.475596 0.853529 0.509562 0.923492 0.541655 0.994028 0.575688 0.998042 0.557859 0.851454 0.495277 0.751097 0.460637 0.667370 0.433638
15 0.355137 0.426662 0.466390 0.423606 0.557285 0.425644 0.616926 0.426153 0.595134 0.416984 0.524884 0.416474 0.444885 0.414946 0.358291 0.416984
16 0.708584 0.763915 0.994602 0.626629 0.995605 0.576707 0.805357 0.490714 0.635548 0.436073 0.618344 0.427413 0.485864 0.424513 0.356546 0.427060 0.494179 0.547790 0.704569 0.762132
17 0.449694 0.392269 0.459396 0.391972 0.426947 0.375629 0.421093 0.378006
18 0.315216 0.378303 0.419922 0.375926 0.424271 0.380086 0.320903 0.382463
19 0.323746 0.382761 0.337462 0.393458 0.447520 0.391972 0.424605 0.380383
19 0.000063 0.541445 0.136228 0.541404 0.111459 0.958650 0.002070 0.987177
