13 0.188365 0.503202 0.260622 0.460412 0.335287 0.423327 0.347330 0.400506 0.333682 0.379110 0.298356 0.352010 0.241353 0.294956 0.212450 0.304941 0.225296 0.366273 0.182745 0.373405 0.132165 0.279266 0.132165 0.260724 0.126545 0.232197 0.090416 0.215081 0.077570 0.215081 0.083993 0.243608 0.056696 0.286398 0.060710 0.506055 0.057499 0.516039 0.005313 0.565962
13 0.540865 0.260182 0.572281 0.234135 0.592178 0.240957 0.651520 0.247159 0.742975 0.226694 0.756240 0.237236 0.740183 0.250880 0.749957 0.252120 0.786469 0.254536 0.794498 0.259291 0.786023 0.279893 0.799404 0.289402 0.779332 0.298911 0.738298 0.311590 0.708859 0.302081 0.663364 0.295742 0.625898 0.292572 0.616977 0.296534 0.558101 0.276724
14 0.275876 0.464691 0.354556 0.423327 0.734307 0.801308 0.604245 0.804161 0.513522 0.818424
14 0.325680 0.367421 0.490127 0.321507 0.625608 0.296782 0.560300 0.273479 0.538087 0.281086 0.513734 0.274430 0.439068 0.285840 0.273283 0.321253
14 0.747722 0.311096 0.795723 0.300888 0.896389 0.333804 0.968029 0.363428 0.937767 0.379886
15 0.371384 0.379198 0.797902 0.712606 0.996609 0.486174 0.996609 0.687645 0.915319 0.844543 0.817973 0.819582 0.737687 0.803535 0.356330 0.420205
15 0.368261 0.373535 0.546984 0.327024 0.660780 0.304698 0.621685 0.297257 0.501256 0.319582 0.358487 0.359272
15 0.699799 0.310076 0.852439 0.366578 0.964222 0.413757 0.953723 0.390716 0.826501 0.338051 0.746997 0.312238
16 0.366366 0.373849 0.559280 0.325175 0.667437 0.304315 0.691523 0.307881 0.835034 0.359586 0.970516 0.418422 0.994602 0.445166 0.999200 0.482608 0.801916 0.712606
17 0.460801 0.283063 0.471999 0.280811 0.395305 0.250407 0.394882 0.258290
18 0.278891 0.298828 0.414742 0.269175 0.421503 0.268049 0.415376 0.264295 0.335724 0.280060 0.272975 0.294699
19 0.279313 0.298828 0.420658 0.269175 0.456576 0.281937 0.296004 0.314968
