13 0.871301 0.300531 0.842299 0.306869 0.816866 0.326676 0.810620 0.342521 0.826236 0.366289 0.848099 0.385304 0.876209 0.401149 0.905212 0.419371 0.963526 0.444980 0.999200 0.455703 0.999200 0.258742 0.929306 0.279932 0.901642 0.306077
13 0.000304 0.281482 0.005864 0.291355 0.016985 0.340719 0.040461 0.335234 0.052199 0.352786 0.055288 0.380210 0.042932 0.396665 0.028105 0.410926 0.009571 0.419701 0.000804 0.427380
13 0.569915 0.998571 0.525055 0.982510 0.462040 0.966056 0.375548 0.967153 0.288438 0.966056 0.250752 0.961668 0.000304 0.996771 0.000804 0.998571
14 0.000536 0.449511 0.000804 0.492308 0.000536 0.581706 0.000536 0.669202 0.000536 0.770013 0.000536 0.900306 0.099382 0.865570 0.255756 0.847024 0.297528 0.752871 0.202860 0.597470 0.156525 0.517390 0.082078 0.389833 0.050393 0.419949
14 0.720221 0.330710 0.650675 0.311554 0.579123 0.295564 0.507395 0.280528 0.543414 0.274478 0.594523 0.264971 0.628109 0.269724 0.695524 0.282689 0.774554 0.302911 0.800838 0.310689 0.786236 0.322357 0.776987 0.337050 0.776987 0.347422
14 0.082520 0.349437 0.135946 0.330836 0.201943 0.311615 0.280702 0.290148 0.350660 0.277764 0.373486 0.275512 0.464174 0.276081 0.412091 0.290342 0.195049 0.349056 0.125156 0.373568 0.097977 0.382997
14 0.310460 0.744679 0.451591 0.647188 0.537142 0.581464 0.645198 0.504128 0.717209 0.453514 0.785939 0.402887 0.804986 0.387014 0.818807 0.397295 0.848960 0.417374 0.881922 0.437874 0.915721 0.452432 0.957537 0.465970 0.983926 0.476157 0.989983 0.477769 0.992078 0.481489 0.973313 0.529125 0.953235 0.580057 0.913884 0.676770 0.871632 0.780316 0.839158 0.857200 0.793122 0.971904 0.680908 0.914193 0.506198 0.852842 0.306650 0.839993 0.256024 0.847024 0.296189 0.755724
15 0.856289 0.998571 0.797932 0.972960 0.765271 0.959650 0.691382 0.921621 0.645336 0.903557 0.563416 0.873134 0.508802 0.855071 0.430630 0.851268 0.358671 0.844344 0.306467 0.841967 0.135299 0.860649 0.091572 0.869363 0.000304 0.900237 0.000804 0.998571 0.058995 0.986898 0.136220 0.975929 0.250513 0.961668 0.391704 0.966056 0.516784 0.978123 0.565591 0.997868 0.711437 0.998571
15 0.886516 0.278602 0.851802 0.290829 0.822861 0.299743 0.797615 0.313499 0.784131 0.323689 0.777533 0.334898 0.777820 0.347125 0.788721 0.364957 0.801344 0.380242 0.814255 0.390432 0.830607 0.402660 0.851837 0.418963 0.865321 0.426096 0.882247 0.436286 0.905199 0.445966 0.937747 0.458750 0.999285 0.482703 0.999200 0.454606 0.975804 0.449119 0.947998 0.439906 0.928402 0.429410 0.904016 0.418711 0.881925 0.405974 0.865860 0.395784 0.846351 0.384066 0.826556 0.368781 0.811350 0.342797 0.816514 0.325474 0.842335 0.306114 0.898565 0.281658
15 0.081172 0.389061 0.110365 0.436530 0.153323 0.512200 0.200540 0.592202 0.249087 0.674695 0.269094 0.705795 0.279001 0.721963 0.288373 0.738131 0.294531 0.749543 0.297744 0.753347 0.310905 0.743542 0.388091 0.690821 0.464111 0.634274 0.520342 0.591477 0.594252 0.538983 0.649335 0.499243 0.698393 0.464597 0.752939 0.425960 0.804866 0.384691 0.796259 0.377558 0.785644 0.363293 0.776751 0.346989 0.747201 0.339347 0.706463 0.327628 0.661134 0.314382 0.626133 0.307249 0.582658 0.296198 0.506954 0.280636 0.485532 0.280203 0.463138 0.277610 0.426624 0.287120 0.366985 0.303669 0.305865 0.319176 0.229028 0.339644 0.084665 0.389061 0.154298 0.381583 0.183286 0.371659 0.212624 0.360494 0.379220 0.313976 0.414145 0.304672 0.479066 0.288969 0.502319 0.294975 0.522824 0.300231 0.543329 0.305112 0.560241 0.308490 0.593517 0.316634 0.621998 0.322686 0.648531 0.331332 0.674090 0.339978 0.690156 0.344301 0.712307 0.350785 0.730077 0.355973 0.750524 0.361593 0.739327 0.368942 0.718393 0.381910 0.693564 0.394879 0.671169 0.407848 0.642202 0.423411 0.614695 0.439405 0.578708 0.458942 0.555827 0.471047 0.524425 0.489203 0.493998 0.507792 0.458618 0.527396 0.429929 0.545737 0.404682 0.560003 0.379436 0.575797 0.357632 0.588025 0.321484 0.550832 0.283043 0.510009 0.215985 0.443643 0.153818 0.382238
15 0.028338 0.284440 0.056406 0.361501 0.053729 0.383692 0.044934 0.397623 0.028868 0.411889 0.013420 0.420668 0.000444 0.425057 0.000444 0.448102 0.029486 0.433836 0.048024 0.419570 0.066983 0.404738 0.077553 0.391598 0.088122 0.377708 0.088122 0.362316 0.082415 0.351805 0.079244 0.339792 0.070365 0.325526 0.040388 0.277307
16 0.154516 0.382849 0.219478 0.445494 0.279550 0.505038 0.357784 0.587530 0.415411 0.552797 0.505511 0.498249 0.595484 0.449577 0.685515 0.398556 0.749779 0.361811 0.686246 0.343223 0.621495 0.323337 0.569294 0.311038 0.520366 0.300231 0.479471 0.289423 0.413017 0.305418 0.316537 0.332104 0.213327 0.360203
17 0.904473 0.701064 0.999200 0.756225 0.999200 0.796169 0.892156 0.729595
19 0.989354 0.489798 0.962577 0.557322 0.933659 0.629602 0.904740 0.701881 0.999200 0.757042 0.999200 0.493602
