13 0.895480 0.873755 0.998884 0.902277 0.998884 0.998537 0.418616 0.998537 0.692687 0.936146
13 0.691286 0.407883 0.667565 0.424465 0.728641 0.445691 0.754603 0.453319 0.799430 0.461610 0.841454 0.465921 0.889830 0.462936 0.884600 0.444033
13 0.190229 0.367356 0.189172 0.433406 0.231442 0.435283 0.276249 0.435283 0.299709 0.446166 0.361632 0.449564 0.401343 0.450356 0.428561 0.444018 0.442839 0.434511 0.444177 0.416289 0.424099 0.394105 0.387957 0.380637 0.367879 0.356869 0.299166 0.344985
14 0.296272 0.885995 0.597449 0.831804 0.701054 0.811839 0.734034 0.812203 0.621193 0.662465 0.549261 0.563701 0.513774 0.520320 0.452884 0.455320 0.439475 0.444737 0.423091 0.448160 0.374260 0.453294 0.295231 0.448730
14 0.995872 0.545757 0.995872 0.522584 0.884436 0.472671 0.789064 0.469106
14 0.469850 0.415727 0.489642 0.446795 0.673790 0.449342 0.654572 0.431516 0.633633 0.416745
15 0.057203 0.891581 0.013030 0.991406 0.406569 0.989624 0.635463 0.952189 0.891464 0.870190 0.774005 0.848799 0.687667 0.845234
15 0.736080 0.811714 0.775701 0.813615 0.820677 0.825024 0.846378 0.830728 0.935637 0.855929 0.999888 0.829190 0.996876 0.720452 0.814162 0.766799 0.692687 0.650931 0.616607 0.566088 0.551496 0.507007 0.501299 0.462188 0.482655 0.446399 0.472616 0.428064 0.456840 0.407691 0.445080 0.407691 0.449382 0.429082 0.441924 0.441306 0.543751 0.555901
17 0.091422 0.501617 0.088628 0.512157 0.294651 0.518978 0.294651 0.509677
18 0.128996 0.513319 0.142522 0.514444 0.114674 0.569021 0.045156 0.702626 0.000983 0.793538 0.001987 0.732930
19 0.144782 0.512733 0.213349 0.517554 0.294361 0.521274 0.297210 0.874103 0.001987 0.889798 0.000983 0.786408
