13 0.021309 0.998571 0.108528 0.935747 0.147825 0.911299 0.196587 0.881250 0.258256 0.851710 0.337703 0.820408 0.377287 0.807676 0.414575 0.799527 0.453298 0.789340 0.502634 0.779663 0.542791 0.775080 0.584669 0.771514 0.622237 0.769154 0.679854 0.771014 0.726296 0.775354 0.779373 0.783414 0.822629 0.790126 0.864507 0.804387 0.919018 0.822771 0.999208 0.857455 0.999208 0.998571
13 0.685951 0.151855 0.654873 0.192777 0.625890 0.189057 0.609478 0.201458 0.597257 0.208278 0.592368 0.221919 0.595511 0.235560 0.610875 0.248580 0.629382 0.259741 0.656270 0.272762 0.674079 0.282062 0.704109 0.294463 0.724711 0.299423 0.746361 0.303763 0.764868 0.304383 0.781979 0.307484 0.999208 0.369755 0.999208 0.325547 0.892739 0.284649 0.732111 0.210054 0.725316 0.194696 0.746939 0.138750 0.699986 0.123392
13 0.072038 0.184208 0.085424 0.171531 0.062222 0.159647 0.074715 0.135087 0.122011 0.135087 0.178231 0.124788 0.186708 0.107358 0.224188 0.107358 0.321011 0.102604 0.288886 0.123995 0.384370 0.124788 0.341982 0.163609 0.326366 0.170739 0.300040 0.181831 0.259883 0.187377 0.238020 0.192130 0.192955 0.197676 0.168861 0.197676 0.120226 0.195299 0.092563 0.196092
14 0.000000 0.219705 0.088032 0.196668 0.170400 0.202780 0.102241 0.224093 0.000000 0.258099
14 0.123790 0.776502 0.201782 0.682944 0.259949 0.615530 0.308011 0.560102 0.372836 0.488289 0.408380 0.448841 0.455708 0.397910 0.481236 0.369897 0.510270 0.340125 0.541339 0.308226 0.563531 0.286084 0.580651 0.270697 0.606051 0.246622 0.617653 0.253751 0.636358 0.265457 0.655906 0.274336 0.674718 0.283773 0.686466 0.289057 0.703990 0.295971 0.720539 0.300293 0.739279 0.304182 0.736602 0.326221 0.732464 0.362954 0.723818 0.420659 0.714639 0.471590 0.702244 0.545548 0.696221 0.584765 0.676142 0.708528 0.663224 0.770138 0.575165 0.771666 0.513783 0.776759 0.432107 0.793932 0.372763 0.808193 0.315205 0.827207 0.255416 0.850975 0.226860 0.866820
14 0.241188 0.203248 0.282416 0.210378 0.357644 0.221311 0.422966 0.234146 0.497122 0.250308 0.576674 0.271625 0.604210 0.245650 0.595892 0.237501 0.590156 0.227315 0.571798 0.222222 0.510078 0.208252 0.451110 0.195867 0.380307 0.186861 0.328800 0.181037
15 0.000000 0.890273 0.047591 0.850904 0.091764 0.822383 0.129511 0.798140 0.187739 0.771044 0.240746 0.747514 0.307808 0.723271 0.359209 0.711862 0.412826 0.697758 0.448968 0.690628 0.489698 0.685535 0.545057 0.679423 0.588140 0.681562 0.660073 0.683422 0.671946 0.684662 0.740038 0.675981 0.779496 0.683422 0.808196 0.693933 0.860226 0.710674 0.924131 0.733982 0.999208 0.764211 0.999208 0.861277 0.963288 0.839794 0.923131 0.823673 0.877387 0.807552 0.837755 0.793271 0.798834 0.785592 0.750028 0.776816 0.695661 0.770234 0.654886 0.766943 0.605462 0.769137 0.546154 0.772428 0.503526 0.776816 0.413755 0.797366 0.371852 0.806666 0.330299 0.821547 0.293634 0.835188 0.258365 0.848829 0.217691 0.870422 0.187620 0.884683 0.144343 0.910873 0.113678 0.932048 0.063320 0.966056 0.020074 0.998965 0.000000 0.998571
15 0.000804 0.542203 0.090191 0.616717 0.232605 0.492425 0.275343 0.453717 0.333707 0.403471 0.371430 0.373221 0.397821 0.351672 0.415967 0.337353 0.437871 0.319203 0.453447 0.305807 0.497498 0.273828 0.459532 0.263889 0.400451 0.249791 0.353954 0.241535 0.291038 0.229699 0.230924 0.219327 0.188577 0.211116 0.132546 0.230539 0.083210 0.248365 0.034901 0.264588 0.000804 0.280375 0.000804 0.259532 0.032610 0.248113 0.071021 0.235712 0.102448 0.223932 0.132841 0.215455 0.169842 0.202231 0.192190 0.201611 0.220125 0.199130 0.236886 0.202231 0.254346 0.207191 0.352212 0.221212 0.374672 0.225998 0.407643 0.231628 0.438500 0.238007 0.460692 0.243261 0.483518 0.248515 0.507824 0.254520 0.538470 0.262026 0.576514 0.272909 0.555590 0.293174 0.534032 0.313815 0.497467 0.351005 0.459754 0.390687 0.416105 0.438430 0.365822 0.493613 0.312396 0.553136 0.234450 0.644223 0.177613 0.711139 0.141893 0.751229 0.110890 0.766405 0.060231 0.794927 0.025634 0.821254 0.000804 0.842205
15 0.438947 0.136716 0.349531 0.160484 0.331059 0.169516 0.306429 0.179499 0.282871 0.185203 0.254761 0.189481 0.218265 0.197004 0.241235 0.202138 0.274164 0.194152 0.312714 0.184454 0.330524 0.179023 0.335878 0.179023 0.362649 0.166189 0.447514 0.140995
16 0.000804 0.539121 0.089321 0.616763 0.208062 0.511914 0.287802 0.442647 0.348014 0.390922 0.404721 0.344251 0.449745 0.307518 0.495596 0.273810 0.420783 0.255661 0.347853 0.241854 0.267071 0.226958 0.188461 0.212265 0.091586 0.246522 0.062183 0.255816 0.000804 0.282455
17 0.709234 0.505042 0.871116 0.561109 0.999208 0.607583 0.999208 0.582352 0.876676 0.538073 0.712193 0.481774
18 0.888531 0.375620 0.908006 0.427795 0.929232 0.489932 0.952179 0.564801 0.978381 0.573414 0.958181 0.515506 0.930487 0.443522 0.904764 0.377085
19 0.737283 0.329862 0.732980 0.368060 0.726383 0.409315 0.714336 0.482146 0.778874 0.503538 0.902033 0.545221 0.951408 0.563860 0.931329 0.500196 0.909530 0.433476 0.886296 0.370831
